297
1000 1000
1 905 87 95 19 -25 53 130 v 
2 196 242 104 18 -225 30 37 72 
3 696 7 114 59 68 -284 -336 -33 
4 540 786 74 43 -424 90 -534 -508 
5 624 0 44 155 -491 v -480 -137 
-21 668 44 28 43 5 68 -25 80 
-25 668 87 237 19 5 -21 -533 1 
6 405 981 64 19 -258 -256 v -42 
7 846 0 24 66 -284 v -336 -212 
-33 810 7 36 59 3 -284 -336 7 
8 446 48 41 41 -503 121 -350 88 
9 549 950 44 50 101 -552 v 137 
-42 469 981 80 19 6 -256 v 9 
10 276 0 97 16 -497 v 35 92 
11 612 218 34 60 -278 -451 -544 -175 
12 0 56 46 23 v 50 -516 -514 
13 0 194 61 24 v -260 -339 -118 
14 976 171 24 47 -450 -506 -176 v 
15 437 647 49 26 -537 18 -330 -221 
16 0 766 40 63 v 34 -557 -380 
17 663 943 41 57 -555 19 v -72 
-72 704 989 296 11 17 -430 v v 
18 437 614 49 33 -537 132 15 -538 
19 637 876 30 67 -361 -357 17 -428 
20 255 64 21 52 84 -347 -459 -350 
-84 276 64 170 25 20 -347 -350 8 
21 180 918 70 20 69 -562 91 138 
22 184 162 39 26 -462 108 -265 23 
23 223 164 20 54 22 113 30 -494 
24 844 456 156 17 -129 -127 28 v 
25 101 953 29 47 76 -388 v 117 
26 405 922 144 9 -568 -566 101 -552 
27 115 194 69 24 -118 -260 -225 -119 
-118 61 194 54 24 13 -260 82 27 
-119 184 194 39 24 27 -265 30 23 
28 844 473 156 282 -291 24 -383 v 
29 446 428 40 39 -477 -274 -189 -129 
-127 486 428 514 28 29 -274 24 v 
-129 486 456 358 11 29 -127 -291 28 
30 196 218 61 24 -225 -119 2 60 
31 0 595 25 60 v -321 -441 -440 
32 728 136 33 35 -137 122 -481 -506 
-137 668 136 60 19 5 -505 -480 32 
33 0 918 15 82 v -562 v -149 
-149 15 971 86 29 33 -311 v 25 
-150 0 699 844 38 v -222 -381 28 
34 0 737 40 29 v -150 16 -401 
35 330 16 43 32 -499 10 -503 92 
36 358 467 99 111 43 -478 132 -292 
37 196 260 104 18 -225 2 -398 72 
38 771 756 55 52 -385 -383 -507 -163 
-163 826 756 174 52 38 -383 -507 v 
39 159 377 286 51 -187 -185 -477 -274 
40 445 316 80 65 -185 -548 -273 -172 
-172 525 358 475 23 40 -271 -273 v 
41 826 218 43 31 100 -451 135 -176 
-175 646 241 180 37 11 -433 -544 135 
-176 869 218 131 31 41 -451 71 v 
42 0 278 14 150 v -339 123 81 
43 345 467 13 111 -482 52 -537 36 
44 86 467 43 62 47 123 -485 -483 
45 112 316 27 112 83 -376 107 -187 
-185 139 316 306 61 45 -376 39 40 
-187 139 377 20 51 45 -185 107 39 
46 716 467 24 80 -189 -129 -292 73 
-189 457 467 259 80 36 29 -292 46 
47 44 467 42 62 -191 123 -485 44 
-191 0 467 44 62 v 123 -485 47 
48 826 296 104 23 -548 135 -270 -195 
-195 930 296 70 23 48 59 -270 v 
-196 525 316 301 3 40 -548 -270 48 
49 734 829 15 108 51 -508 -428 -426 
50 0 18 46 38 v 74 12 -513 
51 704 829 30 58 -534 -508 134 49 
52 317 428 30 39 -454 39 43 -478 
-211 870 0 130 22 7 v -213 v 
53 889 22 24 65 -212 -211 1 -213 
-212 870 22 19 44 7 -211 -336 53 
-213 913 22 87 65 53 -211 1 v 
54 826 560 18 139 73 -291 -150 28 
-221 486 661 340 12 18 -538 -330 54 
-222 0 677 826 22 v -441 -150 54 
55 127 218 43 43 82 27 136 -225 
-225 170 218 26 43 55 27 136 37 
56 489 139 27 45 -406 -459 -451 115 
57 740 583 86 78 -538 73 -221 54 
58 448 872 101 16 63 131 126 -536 
59 911 249 26 47 -543 -176 -195 71 
60 257 218 43 24 30 -494 2 72 
61 306 959 29 41 97 -419 v -258 
-256 335 959 214 22 61 -419 -42 9 
-258 335 981 70 19 61 -256 v 6 
62 128 145 28 49 139 -470 27 -265 
-260 0 159 128 35 v -571 27 62 
-265 156 188 67 6 62 -462 -119 23 
63 389 829 59 59 -558 -380 -564 58 
-270 525 319 475 22 40 -196 -272 v 
64 767 341 59 17 -271 -270 -172 -272 
-271 525 341 242 17 40 -270 -172 64 
-272 826 341 174 17 64 -270 -172 v 
-273 445 381 555 6 39 40 -275 v 
65 525 387 128 41 -274 -273 -127 -275 
-274 445 387 80 41 39 -273 -127 65 
-275 653 387 347 41 65 -273 -127 v 
66 435 218 123 10 -277 -451 -289 -278 
-277 300 218 135 10 60 -494 -289 66 
-278 558 218 54 10 66 -451 -289 11 
67 14 278 46 53 42 -339 -378 -373 
68 668 0 28 44 5 v -21 3 
-284 696 0 150 7 68 v -33 7 
69 124 918 56 20 -285 -562 -386 21 
-285 15 918 109 20 33 -562 -386 69 
70 807 829 104 15 -287 -508 -520 -315 
-287 749 829 58 15 49 -508 -520 70 
71 937 249 63 47 59 -176 -195 v 
-289 300 228 312 11 60 -277 -290 11 
72 300 239 64 39 60 -289 -398 -290 
-290 364 239 248 39 72 -289 -544 11 
73 740 467 86 116 46 -129 57 54 
-291 826 467 18 93 73 -129 54 28 
-292 457 547 283 31 36 -189 -538 73 
74 0 0 109 18 v v -500 -496 
75 405 931 81 27 -417 26 -419 101 
76 29 952 72 19 -311 -386 -149 25 
-311 15 952 14 19 33 -386 -149 76 
77 960 829 20 78 -315 125 -427 124 
-315 911 829 49 15 70 125 -520 77 
78 204 593 23 84 -321 116 -222 -330 
-321 0 593 204 2 v -485 -439 78 
-330 227 673 599 4 78 104 -222 54 
79 40 849 82 22 -333 -524 -530 -526 
-333 0 849 40 22 v -524 -530 79 
80 696 66 77 21 -21 3 -25 -336 
-336 773 66 116 21 80 3 -25 53 
81 14 368 46 60 42 -378 123 -379 
82 74 218 53 60 -339 -118 -398 136 
-339 0 218 74 60 v 13 -373 82 
83 100 316 12 112 89 -376 123 45 
-345 46 52 400 6 50 -500 -347 8 
84 236 58 19 58 -513 -345 -459 20 
-347 255 58 191 6 84 -345 -84 8 
85 497 89 43 50 -350 88 115 -351 
-350 276 89 221 27 20 -84 -459 85 
-351 540 89 84 50 85 -372 -479 5 
86 593 856 22 65 -536 -535 137 -361 
-357 615 856 89 20 86 -535 95 51 
-361 615 876 22 45 86 -357 -551 19 
87 373 295 63 21 -376 -546 -185 -548 
88 487 55 51 34 8 -539 85 -372 
-372 538 55 86 34 88 -539 -351 5 
89 90 278 10 150 -373 82 123 83 
-373 60 278 30 53 67 -339 -378 89 
-376 100 295 273 21 89 -546 -185 87 
-378 14 331 76 37 42 67 -379 89 
-379 60 368 30 60 81 -378 123 89 
90 540 737 74 49 -402 -150 4 -385 
-380 40 810 500 19 34 -423 -534 4 
-381 614 737 230 18 90 -150 -383 28 
-383 614 755 386 1 90 -381 -163 v 
-385 614 756 157 52 90 -383 -507 38 
91 197 938 53 62 -386 21 v 138 
-386 15 938 182 14 33 -285 -388 91 
-388 101 952 96 1 76 -386 -489 91 
92 373 0 24 48 10 v -503 112 
93 436 278 89 15 -398 -290 -546 -544 
-398 100 278 336 15 89 82 -546 93 
94 439 737 58 32 -401 -150 -422 -402 
-401 40 737 399 32 34 -150 -422 94 
-402 497 737 43 32 94 -150 -422 4 
95 667 876 37 31 19 -357 -541 134 
96 384 139 15 79 109 -459 -277 -451 
-406 399 139 90 45 96 -459 -451 56 
97 284 928 22 72 -569 -568 v 61 
-417 306 928 99 30 97 -568 -419 75 
-419 306 958 243 1 97 -417 -256 9 
-422 40 769 500 17 34 -401 -424 4 
98 352 786 87 24 -423 -422 -380 -424 
-423 40 786 312 24 34 -422 -380 98 
-424 439 786 101 24 98 -422 -380 4 
99 855 907 32 47 -426 -521 111 -427 
-426 749 907 106 30 49 -521 -428 99 
-427 887 907 113 47 99 -521 140 v 
-428 667 937 188 6 19 -541 -430 99 
-430 704 943 151 46 17 -428 -72 111 
100 667 218 159 23 -433 -451 -175 41 
-433 646 218 21 23 11 -451 -175 100 
101 486 931 63 27 75 26 -419 9 
102 424 0 63 26 112 v 121 -539 
-439 25 595 179 58 31 -321 103 78 
103 129 653 75 24 -440 -439 -222 78 
-440 25 653 104 2 31 -439 -441 103 
-441 0 655 129 22 v 31 -222 103 
104 227 637 61 36 78 -537 -330 -443 
-443 288 637 149 36 104 -537 -330 15 
105 257 868 75 20 138 -558 -564 -446 
-446 332 868 57 20 105 -558 -564 63 
106 886 171 51 47 -481 -506 -176 -450 
-450 937 171 39 47 106 -506 -176 14 
-451 399 184 487 34 96 -406 -176 106 
107 120 428 50 39 123 45 -482 -454 
-454 170 428 147 39 107 39 -482 52 
108 184 113 39 49 -470 -468 22 113 
-457 223 113 13 3 108 -468 -459 84 
-459 223 116 274 23 108 -457 56 85 
-462 156 145 28 43 62 -470 -265 22 
109 356 139 28 79 119 -459 -277 96 
110 46 81 17 64 -467 -516 139 -470 
-467 0 81 46 64 v -516 -571 110 
-468 63 105 173 8 110 -518 -457 84 
-470 63 113 121 32 110 -468 -462 108 
111 855 954 115 35 -430 99 -72 140 
112 397 0 27 48 92 v -503 121 
113 223 142 53 22 108 -492 -494 -493 
-477 347 428 99 21 52 39 114 29 
114 374 449 72 18 -478 -477 36 29 
-478 347 449 27 18 52 -477 36 114 
115 516 139 27 45 56 85 -451 -481 
-479 543 139 81 16 115 -351 -480 5 
-480 543 155 185 16 115 -479 -481 32 
-481 543 171 343 13 115 -480 -451 106 
-482 129 467 216 34 44 107 -484 43 
116 192 501 35 92 -483 -482 78 -537 
-483 129 501 63 28 44 -482 -485 116 
-484 227 501 118 77 116 -482 -537 43 
-485 0 529 192 64 v -191 -321 116 
117 130 953 31 47 25 -388 v -489 
-489 161 953 36 47 117 -388 v 91 
118 487 0 116 19 102 v 133 -491 
-491 603 0 21 55 118 v -372 5 
119 328 139 28 79 -492 -459 -277 109 
-492 223 139 105 3 108 -459 -493 119 
-493 276 142 52 22 113 -492 -494 119 
-494 243 164 85 54 23 113 -277 119 
120 184 0 39 52 -496 v -345 -503 
-496 109 0 75 18 74 v -500 120 
-497 223 0 53 16 120 v -499 10 
-499 223 16 107 32 120 -497 -503 35 
-500 46 18 138 34 50 74 -345 120 
-503 223 48 223 4 120 -499 -345 8 
121 424 26 63 22 112 102 8 -539 
122 696 106 65 30 -505 -25 32 -533 
-505 668 106 28 30 5 -25 -137 122 
-506 761 145 239 26 122 -533 14 v 
123 0 428 120 39 v 42 44 107 
124 980 829 20 78 77 125 -427 v 
-507 614 808 386 11 4 -385 125 v 
125 844 819 156 10 -508 -507 124 v 
-508 614 819 230 10 4 -507 70 125 
126 475 888 74 15 -564 58 -566 -536 
-513 46 58 190 7 50 -345 -515 84 
127 151 65 33 40 -514 -513 -468 -515 
-514 46 65 105 14 50 -513 -516 127 
-515 184 65 52 40 127 -513 -468 84 
-516 0 79 151 2 v 12 -518 127 
-518 63 81 88 24 110 -516 -468 127 
-520 749 844 211 17 49 -287 128 77 
128 911 861 49 46 -521 -520 -427 77 
-521 749 861 162 46 49 -520 -427 128 
129 183 836 39 49 -524 -557 -562 -559 
-524 0 836 183 13 v -557 -526 129 
-526 122 849 61 22 79 -524 -530 129 
-530 0 871 183 14 v -333 -562 129 
130 961 106 39 39 -533 1 -506 v 
-533 761 106 200 39 122 -25 -506 130 
-534 448 829 256 15 63 -380 -535 51 
131 448 844 101 28 63 -534 58 -536 
-535 549 844 155 12 131 -534 -357 51 
-536 549 856 44 47 131 -535 -566 86 
132 437 578 49 36 -537 36 18 -538 
-537 227 578 210 59 116 -484 -443 15 
-538 486 578 254 83 132 -292 -221 57 
133 564 19 39 36 -539 118 -372 -491 
-539 487 19 77 36 102 118 -372 133 
134 704 887 30 50 95 51 -428 49 
-541 667 907 37 30 19 95 -428 134 
135 826 249 63 47 -175 41 48 -543 
-543 889 249 22 47 135 -176 48 59 
-544 525 278 301 15 93 -290 -546 135 
-546 100 293 726 2 89 -398 -548 135 
-548 436 295 390 21 87 -546 -196 48 
136 127 261 69 17 82 55 -398 37 
137 593 921 24 79 -566 86 v -555 
-551 617 921 20 22 137 -361 -555 19 
-552 549 922 44 28 26 -566 9 137 
-555 617 943 46 57 137 -551 v 17 
138 250 829 7 171 -557 -380 v -569 
-557 0 829 250 7 v 16 -559 138 
-558 257 829 132 39 138 -380 -446 63 
-559 222 836 28 49 129 -557 -562 138 
-562 0 885 250 33 v -530 21 138 
-564 257 888 218 15 138 105 -566 126 
-566 257 903 336 19 138 -564 -552 137 
-568 257 922 148 6 138 -566 -417 75 
-569 257 928 27 72 138 -568 v 97 
139 51 145 77 14 -571 110 -260 62 
-571 0 145 51 14 v -467 -260 139 
140 970 954 30 35 111 -427 -72 v 
