62
600 800
1 107 712 73 25 -4 -14 7 -16 
-4 0 712 107 25 v -14 -51 1 
-7 0 635 600 26 v -76 -8 v 
2 0 661 73 24 v -7 -13 -8 
-8 73 661 527 24 2 -7 -13 v 
3 501 85 53 158 -33 -31 -65 -12 
-11 0 151 501 92 v -30 -65 3 
-12 554 85 46 158 3 -31 -65 v 
-13 0 685 600 8 v 2 -20 v 
4 413 693 17 107 -14 -13 v -53 
-14 0 693 413 19 v -13 -16 4 
-16 180 712 233 25 1 -14 -56 4 
-20 430 693 170 63 4 -13 5 v 
5 575 756 25 44 -52 -20 v v 
-23 0 428 600 5 v -39 -24 v 
6 0 433 46 33 v -23 -75 -24 
-24 46 433 554 33 6 -23 -75 v 
7 142 737 38 37 -51 1 -59 -57 
8 241 80 47 71 -71 -43 -11 -33 
-30 0 124 241 27 v -72 -11 8 
-31 288 83 312 2 8 -47 -12 v 
-33 288 85 213 66 8 -31 -11 3 
9 461 0 26 57 -42 v -46 -36 
-36 487 0 113 57 9 v -46 v 
10 409 395 42 33 -55 -67 -23 -40 
-39 0 417 409 11 v 14 -23 10 
-40 451 395 149 33 10 -67 -23 v 
-42 0 0 461 38 v v -44 9 
11 397 38 33 45 -43 -42 -31 -46 
-43 0 38 397 42 v -42 -47 11 
-44 430 38 31 19 11 -42 -46 9 
-46 430 57 170 26 11 -44 -31 v 
-47 288 80 109 3 8 -43 -31 11 
12 45 737 44 25 17 -4 -64 -51 
-51 89 737 53 25 12 -4 -64 7 
-52 430 756 145 16 4 -20 13 5 
13 539 772 36 28 -53 -52 v 5 
-53 430 772 109 28 4 -52 v 13 
14 0 395 79 22 v -62 -39 -55 
-55 79 395 330 22 14 -62 -39 10 
-56 180 737 233 1 7 -16 -58 4 
15 280 738 20 62 -57 -56 v -58 
-57 180 738 100 36 7 -56 -59 15 
-58 300 738 113 62 15 -56 v 4 
-59 0 774 280 26 v 17 v 15 
16 166 380 71 15 -62 -66 -55 -68 
-62 0 380 166 15 v -66 -55 16 
17 0 737 45 37 v -4 -59 -64 
-64 45 762 97 12 17 12 -59 7 
-65 0 243 600 114 v -11 -67 v 
18 260 357 34 38 -66 -65 -55 -67 
-66 0 357 260 23 v -65 -68 18 
-67 294 357 306 38 18 -65 -40 v 
-68 237 380 23 15 16 -66 -55 18 
-71 0 80 241 11 v -43 -73 8 
19 95 91 36 33 -72 -71 -30 -73 
-72 0 91 95 33 v -71 -30 19 
-73 131 91 110 33 19 -71 -30 8 
-75 0 466 600 23 v 6 -77 v 
20 340 489 176 146 -76 -75 -7 -77 
-76 0 489 340 146 v -75 -7 20 
-77 516 489 84 146 20 -75 -7 v 
