228
10000 10000
-1 0 9983 10000 17 v -150 v v 
1 5660 1213 1010 591 -199 -185 -338 -5 
-5 6670 1624 3330 180 1 -8 -339 v 
-7 6670 1213 3330 119 1 -185 -9 v 
2 7735 1332 80 292 -8 -7 -5 -9 
-8 6670 1332 1065 292 1 -7 -5 2 
-9 7815 1332 2185 292 2 -7 -5 v 
3 8903 5504 462 68 -12 -157 -155 -154 
-12 0 5504 8903 68 v -157 -155 3 
4 2392 8938 217 27 -16 -267 -271 -269 
-16 0 8938 2392 27 v -267 -271 4 
5 6282 0 1478 159 -112 v -32 -30 
-19 0 58 6282 101 v -111 -32 5 
6 4316 7261 640 122 -377 -375 -382 -24 
-24 4956 7261 5044 122 6 -375 -382 v 
7 5637 588 1785 58 -101 -125 -128 30 
8 9746 0 143 175 -30 v -118 -31 
-30 7760 0 1986 159 5 v -32 8 
-31 9889 0 111 175 8 v -118 v 
-32 0 159 9746 16 v -19 -118 8 
-35 0 5858 10000 34 v -155 -37 v 
9 8248 5892 1117 25 -36 -35 -66 -37 
-36 0 5892 8248 25 v -35 -66 9 
-37 9365 5892 635 25 9 -35 -66 v 
10 5015 7584 233 350 -40 12 -365 54 
-40 0 7584 5015 350 v -47 -365 10 
-43 0 8331 10000 393 v -71 -162 v 
11 3041 8724 121 131 -361 -43 -267 -265 
-44 0 8793 3041 62 v -360 -267 11 
12 4941 7405 307 179 -47 -382 10 -249 
-47 0 7405 4941 179 v -379 -40 12 
13 486 1775 625 269 -51 -318 -300 -294 
-51 0 1775 486 269 v -318 -300 13 
14 2035 582 257 56 -57 -230 -328 -177 
-57 0 582 2035 166 v -230 -178 61 
15 6563 9089 368 93 -242 -273 70 -275 
-66 0 5917 10000 952 v -36 -234 v 
16 3623 6869 61 236 -371 -66 -375 -68 
-68 3684 7007 6316 98 16 -233 -375 v 
17 7613 8125 171 206 -370 -368 -43 -72 
-71 0 8194 7613 137 v -365 -43 17 
-72 7784 8232 2216 99 17 -227 -43 v 
18 9365 5509 322 29 3 36 -153 -158 
19 4663 1014 236 46 41 -182 -185 -132 
20 2527 7368 815 14 -82 -372 -379 69 
-82 0 7368 2527 14 v -372 -379 20 
21 9490 1860 486 19 -220 -216 -282 -87 
-87 9976 1860 24 19 21 -216 -282 v 
22 2035 2027 77 98 -299 -345 -351 -347 
23 6312 8724 63 130 -95 -43 -265 -263 
-95 3162 8724 3150 130 11 -43 -265 23 
24 4721 582 423 397 43 -230 -182 -128 
-101 5144 588 493 58 24 -125 -128 7 
25 882 1418 190 322 -195 -200 -318 -316 
26 506 0 151 58 -111 v -19 -112 
-111 0 0 506 58 v v -19 26 
-112 657 0 5625 58 26 v -19 5 
27 8970 2163 356 18 -354 -350 -356 -116 
-116 9326 2163 674 18 27 -350 -356 v 
-118 0 175 10000 107 v -32 -120 v 
28 5729 282 163 43 -138 -118 -140 -120 
-120 5892 282 4108 43 28 -118 -140 v 
29 4663 582 38 397 41 -230 -182 43 
30 7422 582 774 631 -125 -230 -7 -126 
-125 5144 582 2278 6 24 -230 7 30 
-126 8196 582 1804 631 30 -231 -7 v 
-128 5144 646 2278 333 24 -101 -182 30 
-132 4899 1014 2523 46 19 -182 -185 30 
31 5560 282 28 207 -137 -118 -229 -140 
-137 0 282 5560 207 v -118 -229 31 
-138 5588 282 141 43 31 -118 -140 28 
-140 5588 325 4412 164 31 -138 -229 v 
-141 0 1481 882 127 v -196 -143 25 
32 273 1608 249 132 -142 -141 -318 -143 
-142 0 1608 273 132 v -141 -318 32 
-143 522 1608 360 132 32 -141 -318 25 
33 3160 836 985 45 -146 -178 -187 -179 
-146 0 836 3160 45 v -178 -187 33 
-149 0 9741 10000 42 v -279 -151 v 
34 9719 9783 30 200 -150 -149 -1 -151 
-150 0 9783 9719 200 v -149 -1 34 
-151 9749 9783 251 200 34 -149 -1 v 
-153 9365 5538 635 33 3 18 35 v 
35 9877 5571 123 287 -154 -153 -35 v 
-154 9365 5571 512 1 3 -153 -155 35 
-155 0 5572 9877 286 v -12 -35 35 
-156 0 4999 10000 432 v -175 -158 v 
36 9365 5431 322 78 -157 -156 18 -158 
-157 0 5431 9365 73 v -156 3 36 
-158 9687 5431 313 107 36 -156 -153 v 
37 9495 8724 224 123 -161 -43 56 -162 
-161 6375 8724 3120 123 23 -43 56 37 
-162 9719 8724 281 1017 37 -43 -149 v 
38 4813 6905 143 48 -236 -234 -238 -166 
-166 4956 6905 5044 48 38 -234 -238 v 
39 625 1393 134 62 -169 -188 -196 -192 
-169 0 1393 625 62 v -188 -196 39 
40 3895 3481 2620 1518 -175 -334 -156 63 
-175 0 3481 3895 1518 v -334 -156 40 
41 4341 582 322 631 -177 -230 -199 -185 
-177 2292 582 2049 56 14 -230 -328 41 
-178 0 748 4341 88 v -57 -179 41 
-179 4145 836 196 45 33 -178 -187 41 
-182 4663 979 2759 35 41 29 -132 30 
-185 4663 1060 2759 153 41 19 -7 30 
-187 0 881 4341 162 v -146 -189 41 
42 831 1043 23 438 -188 -187 -141 -195 
-188 0 1043 831 350 v -187 -192 42 
-189 854 1043 3487 170 42 -187 -199 41 
-192 759 1393 72 62 39 -188 -196 42 
-195 854 1418 28 63 42 -200 -141 25 
-196 0 1455 831 26 v -169 -141 42 
43 4701 582 20 397 29 -230 -182 24 
-199 854 1213 4806 153 42 -189 -201 1 
44 1941 1366 94 493 -200 -199 -323 -215 
-200 854 1366 1087 52 42 -199 -330 44 
-201 2035 1366 3625 438 44 -199 -338 1 
45 6877 7792 315 142 -255 -246 -365 -212 
-212 7192 7931 2808 3 45 -247 -366 v 
46 4603 1811 63 189 -215 -338 -345 -343 
-215 2035 1811 2568 48 44 -338 -323 46 
-216 4666 1828 5334 32 46 -340 -87 v 
-220 4666 1860 4824 19 46 -216 -282 21 
47 9640 8104 47 128 -261 -259 -72 -226 
-226 9687 8104 313 128 47 -259 -72 v 
-227 7784 8125 1856 107 17 -368 -72 47 
-229 0 489 10000 49 v -137 -231 v 
48 7893 538 187 44 -230 -229 30 -231 
-230 0 538 7893 44 v -229 30 48 
-231 8080 538 1920 44 48 -229 -126 v 
49 3891 6869 100 138 -233 -66 -68 -238 
-233 3684 6869 207 138 16 -66 -68 49 
-234 3991 6869 6009 36 49 -66 -166 v 
-236 3991 6905 822 48 49 -234 -238 38 
-238 3991 6953 6009 54 49 -236 -68 v 
50 0 9087 324 343 v -271 -386 -384 
-242 324 9089 6239 93 50 -273 -384 15 
-245 5248 7641 4752 102 10 -249 51 v 
51 9944 7743 56 188 -246 -245 -212 v 
-246 5248 7743 4696 49 10 -245 -247 51 
-247 7192 7792 2752 139 45 -246 -212 51 
52 6685 7405 31 236 -249 -382 -245 -250 
-249 5248 7405 1437 236 12 -382 -245 52 
-250 6716 7405 3284 236 52 -382 -245 v 
53 205 2188 304 28 -253 -300 -310 -308 
-253 0 2188 205 28 v -300 -310 53 
-255 5248 7792 1629 47 10 -246 -256 45 
54 5248 7839 72 95 10 -255 -365 -256 
-256 5320 7839 1557 95 54 -255 -365 45 
55 7933 8103 508 22 -368 -366 -227 -261 
-259 8441 8103 1559 1 55 -366 -226 v 
-261 8441 8104 1199 21 55 -259 -227 47 
56 8797 8847 922 894 -263 -161 -149 -162 
-263 6375 8847 2422 7 23 -161 -265 56 
-265 3162 8854 5635 1 11 -95 -267 56 
-267 0 8855 8797 83 v -44 -269 56 
-269 2609 8938 6188 27 4 -267 -271 56 
-271 0 8965 8797 122 v -16 -273 56 
-273 324 9087 8473 2 50 -271 -275 56 
-275 6931 9089 1866 93 15 -273 -385 56 
-279 0 9506 8797 235 v -386 -149 56 
-282 4666 1879 5334 55 46 -220 -284 v 
57 9570 1934 163 135 -342 -282 -350 -284 
-284 9733 1934 267 135 57 -282 -350 v 
58 8641 2218 329 37 -358 -356 -333 -292 
-292 8970 2218 1030 37 58 -356 -333 v 
59 1824 1931 53 324 -325 -323 -333 -351 
-294 1111 2009 713 35 13 -320 -300 59 
-295 1877 1931 2726 69 59 -323 -345 46 
-299 1877 2027 158 98 59 -345 -351 22 
-300 0 2044 1824 144 v -51 -308 59 
-308 509 2188 1315 28 53 -300 -310 59 
-310 0 2216 1824 39 v -253 -333 59 
-315 1072 1543 869 196 25 -331 -317 44 
60 1523 1739 165 270 -316 -315 -294 -325 
-316 1072 1739 451 1 25 -315 -318 60 
-317 1688 1739 253 120 60 -315 -323 44 
-318 0 1740 1523 35 v -142 -320 60 
-320 1111 1775 412 234 13 -318 -294 60 
-323 1688 1859 2915 72 60 -317 -295 46 
-325 1688 1931 136 78 60 -323 -294 59 
61 2035 638 190 110 -57 14 -178 -328 
-328 2225 638 2116 110 61 14 -178 41 
-330 1072 1418 869 29 25 -200 -332 44 
62 1401 1447 122 96 -331 -330 -315 -332 
-331 1072 1447 329 96 25 -330 -315 62 
-332 1523 1447 418 96 62 -330 -315 44 
-333 0 2255 10000 1197 v -310 -363 v 
63 6515 3452 316 1547 -334 -333 -156 -362 
-334 0 3452 6515 29 v -333 40 63 
64 8469 1804 435 24 -338 -5 -216 -339 
-338 2035 1804 6434 7 44 -201 -340 64 
-339 8904 1804 1096 24 64 -5 -216 v 
-340 4666 1811 3803 17 46 -338 -216 64 
-342 4666 1934 4904 14 46 -282 -344 57 
65 6422 1948 419 307 -343 -342 -333 -358 
-343 4666 1948 1756 52 46 -342 -345 65 
-344 6841 1948 2729 121 65 -342 -350 57 
-345 1877 2000 4545 27 59 -295 -347 65 
-347 2112 2027 4310 98 22 -345 -351 65 
-350 6841 2069 3159 94 65 -344 -116 v 
-351 1877 2125 4545 130 59 -299 -333 65 
-354 6841 2163 2129 18 65 -350 -356 27 
-356 6841 2181 3159 37 65 -354 -292 v 
-358 6841 2218 1800 37 65 -356 -333 58 
66 2141 8724 103 69 -360 -43 -44 -361 
-360 0 8724 2141 69 v -43 -44 66 
-361 2244 8724 797 69 66 -43 -44 11 
67 7998 3452 25 1547 -362 -333 -156 -363 
-362 6831 3452 1167 1547 63 -333 -156 67 
-363 8023 3452 1977 1547 67 -333 -156 v 
68 7450 7934 55 260 -365 -212 -71 -370 
-365 0 7934 7450 260 v -40 -71 68 
-366 7505 7934 2495 169 68 -212 -259 v 
-368 7505 8103 428 22 68 -366 -227 55 
-370 7505 8125 108 69 68 -368 -71 17 
-371 0 6869 3623 98 v -66 -373 16 
69 3342 6967 250 438 -372 -371 -47 -382 
-372 0 6967 3342 401 v -371 20 69 
-373 3592 6967 31 138 69 -371 -375 16 
-375 3592 7105 6408 156 69 -373 -24 v 
-377 3592 7261 724 122 69 -375 -382 6 
-379 0 7382 3342 23 v -82 -47 69 
-382 3592 7383 6408 22 69 -377 -250 v 
70 6577 9182 463 324 -384 15 -279 -385 
-384 324 9182 6253 248 50 -242 -386 70 
-385 7040 9182 1757 324 70 -275 -279 56 
-386 0 9430 6577 76 v 50 -279 70 
