87
10000 10000
-1 0 9182 10000 818 v -63 v v 
-3 0 1060 10000 153 v -78 -7 v 
1 5660 1213 1010 591 -50 -3 -85 -5 
-5 6670 1624 3330 180 1 -8 -85 v 
-7 6670 1213 3330 119 1 -3 -9 v 
2 7735 1332 80 292 -8 -7 -5 -9 
-8 6670 1332 1065 292 1 -7 -5 2 
-9 7815 1332 2185 292 2 -7 -5 v 
-11 0 2125 10000 3379 v -92 -74 v 
3 8903 5504 462 68 -12 -11 -35 -13 
-12 0 5504 8903 68 v -11 -35 3 
-13 9365 5538 635 34 3 18 -35 v 
-15 0 8855 10000 83 v -44 -17 v 
4 2392 8938 217 27 -16 -15 -62 -17 
-16 0 8938 2392 27 v -15 -62 4 
-17 2609 8938 7391 27 4 -15 -62 v 
5 6282 0 1478 159 -19 v -32 -30 
-19 0 0 6282 159 v v -32 5 
-22 0 7105 10000 156 v -67 -24 v 
6 4316 7261 640 122 -81 -22 -46 -24 
-23 0 7382 4316 1 v -82 -46 6 
-24 4956 7261 5044 122 6 -22 -46 v 
7 5637 588 1785 58 -60 -58 -77 -28 
-27 0 638 5637 8 v -57 -77 7 
-28 7422 588 2578 58 7 -58 -77 v 
8 9746 0 143 175 -30 v -56 -31 
-30 7760 0 1986 159 5 v -32 8 
-31 9889 0 111 175 8 v -56 v 
-32 0 159 9746 16 v -19 -56 8 
-35 0 5572 10000 320 v -12 -37 v 
9 8248 5892 1117 25 -36 -35 -66 -37 
-36 0 5892 8248 25 v -35 -66 9 
-37 9365 5892 635 25 9 -35 -66 v 
10 5015 7584 233 350 -40 12 -70 -48 
-40 0 7584 5015 350 v -47 -70 10 
-43 0 8331 10000 393 v -71 -96 v 
11 3041 8724 121 131 -44 -43 -15 -45 
-44 0 8724 3041 131 v -43 -15 11 
-45 3162 8854 6838 1 11 -95 -15 v 
-46 0 7383 10000 22 v -23 -48 v 
12 4941 7405 307 179 -47 -46 10 -48 
-47 0 7405 4941 179 v -46 -40 12 
-48 5248 7405 4752 529 12 -46 -70 v 
-50 0 1213 5660 562 v -3 -52 1 
13 486 1775 625 269 -51 -50 -92 -90 
-51 0 1775 486 269 v -50 -92 13 
-52 1111 1775 4549 29 13 -50 -85 1 
-56 0 175 10000 407 v -32 -58 v 
14 2035 582 257 56 -57 -56 -27 -60 
-57 0 582 2035 56 v -56 -27 14 
-58 2292 582 7708 6 14 -56 -28 v 
-60 2292 588 3345 50 14 -58 -27 7 
-62 0 8965 10000 124 v -16 -64 v 
15 6563 9089 368 93 -63 -62 -1 -64 
-63 0 9089 6563 93 v -62 -1 15 
-64 6931 9089 3069 93 15 -62 -1 v 
-66 0 5917 10000 952 v -36 -68 v 
16 3623 6869 61 236 -67 -66 -22 -68 
-67 0 6869 3623 236 v -66 -22 16 
-68 3684 6869 6316 236 16 -66 -22 v 
-70 0 7934 10000 191 v -40 -72 v 
17 7613 8125 171 206 -71 -70 -43 -72 
-71 0 8125 7613 206 v -70 -43 17 
-72 7784 8125 2216 206 17 -70 -43 v 
-74 9365 5504 635 5 3 -11 -75 v 
18 9365 5509 322 29 3 -74 -13 -75 
-75 9687 5509 313 29 18 -74 -13 v 
-77 0 646 10000 368 v -27 -79 v 
19 4663 1014 236 46 -78 -77 -3 -79 
-78 0 1014 4663 46 v -77 -3 19 
-79 4899 1014 5101 46 19 -77 -3 v 
-81 0 7261 4316 107 v -22 -83 6 
20 2527 7368 815 14 -82 -81 -23 -83 
-82 0 7368 2527 14 v -81 -23 20 
-83 3342 7368 974 14 20 -81 -23 6 
-85 1111 1804 8889 56 13 -52 -87 v 
21 9490 1860 486 19 -86 -85 -89 -87 
-86 1111 1860 8379 19 13 -85 -89 21 
-87 9976 1860 24 19 21 -85 -89 v 
-89 1111 1879 8889 148 13 -86 -91 v 
22 2035 2027 77 98 -90 -89 -11 -91 
-90 1111 2027 924 17 13 -89 -92 22 
-91 2112 2027 7888 98 22 -89 -11 v 
-92 0 2044 2035 81 v -51 -11 22 
23 6312 8724 63 130 -95 -43 -45 -96 
-95 3162 8724 3150 130 11 -43 -45 23 
-96 6375 8724 3625 130 23 -43 -45 v 
