184
10000 10000
-1 0 9983 10000 17 v -150 v v 
1 5660 1213 1010 591 -199 -185 -214 -5 
-5 6670 1624 3330 180 1 -8 -214 v 
-7 6670 1213 3330 119 1 -185 -9 v 
2 7735 1332 80 292 -8 -7 -5 -9 
-8 6670 1332 1065 292 1 -7 -5 2 
-9 7815 1332 2185 292 2 -7 -5 v 
3 8903 5504 462 68 -12 -157 -155 -154 
-12 0 5504 8903 68 v -157 -155 3 
-15 0 8855 10000 83 v -44 -17 v 
4 2392 8938 217 27 -16 -15 -240 -17 
-16 0 8938 2392 27 v -15 -240 4 
-17 2609 8938 7391 27 4 -15 -240 v 
5 6282 0 1478 159 -112 v -32 -30 
-19 0 58 6282 101 v -111 -32 5 
-22 0 7105 10000 156 v -67 -24 v 
6 4316 7261 640 122 -81 -22 -46 -24 
-23 0 7382 4316 1 v -82 -46 6 
-24 4956 7261 5044 122 6 -22 -46 v 
7 5637 588 1785 58 -101 -125 -128 30 
8 9746 0 143 175 -30 v -118 -31 
-30 7760 0 1986 159 5 v -32 8 
-31 9889 0 111 175 8 v -118 v 
-32 0 159 9746 16 v -19 -118 8 
-35 0 5858 10000 34 v -155 -37 v 
9 8248 5892 1117 25 -36 -35 -66 -37 
-36 0 5892 8248 25 v -35 -66 9 
-37 9365 5892 635 25 9 -35 -66 v 
10 5015 7584 233 350 -40 12 -257 54 
-40 0 7584 5015 350 v -47 -257 10 
-43 0 8331 10000 393 v -71 -162 v 
11 3041 8724 121 131 -44 -43 -15 -45 
-44 0 8724 3041 131 v -43 -15 11 
-45 3162 8854 6838 1 11 -95 -15 v 
-46 0 7383 10000 22 v -23 -250 v 
12 4941 7405 307 179 -47 -46 10 -249 
-47 0 7405 4941 179 v -46 -40 12 
13 486 1775 625 269 -51 -204 -92 -90 
-51 0 1775 486 269 v -204 -92 13 
14 2035 582 257 56 -57 -230 -178 -177 
-57 0 582 2035 56 v -230 -178 14 
15 6563 9089 368 93 -242 -241 -243 -64 
-64 6931 9089 3069 93 15 -241 -243 v 
-66 0 5917 10000 952 v -36 -234 v 
16 3623 6869 61 236 -67 -66 -22 -68 
-67 0 6869 3623 236 v -66 -22 16 
-68 3684 7007 6316 98 16 -233 -22 v 
17 7613 8125 171 206 -71 -258 -43 -72 
-71 0 8125 7613 206 v -258 -43 17 
-72 7784 8232 2216 99 17 -227 -43 v 
18 9365 5509 322 29 3 36 -153 -158 
19 4663 1014 236 46 41 -182 -185 -132 
-81 0 7261 4316 107 v -22 -83 6 
20 2527 7368 815 14 -82 -81 -23 -83 
-82 0 7368 2527 14 v -81 -23 20 
-83 3342 7368 974 14 20 -81 -23 6 
21 9490 1860 486 19 -220 -216 -222 -87 
-87 9976 1860 24 19 21 -216 -222 v 
-89 1111 2000 8889 27 13 -217 -91 v 
22 2035 2027 77 98 -90 -89 -114 -91 
-90 1111 2027 924 17 13 -89 -92 22 
-91 2112 2027 7888 98 22 -89 -114 v 
-92 0 2044 2035 81 v -51 -114 22 
23 6312 8724 63 130 -95 -43 -45 -96 
-95 3162 8724 3150 130 11 -43 -45 23 
-96 6375 8847 3625 7 23 -161 -45 v 
24 4721 582 423 397 43 -230 -182 -128 
-101 5144 588 493 58 24 -125 -128 7 
25 882 1418 190 322 -195 -200 -204 -202 
26 506 0 151 58 -111 v -19 -112 
-111 0 0 506 58 v v -19 26 
-112 657 0 5625 58 26 v -19 5 
-114 0 2125 10000 38 v -92 -116 v 
27 8970 2163 356 18 -115 -114 -252 -116 
-115 0 2163 8970 18 v -114 -252 27 
-116 9326 2163 674 18 27 -114 -252 v 
-118 0 175 10000 107 v -32 -120 v 
28 5729 282 163 43 -138 -118 -140 -120 
-120 5892 282 4108 43 28 -118 -140 v 
29 4663 582 38 397 41 -230 -182 43 
30 7422 582 774 631 -125 -230 -7 -126 
-125 5144 582 2278 6 24 -230 7 30 
-126 8196 582 1804 631 30 -231 -7 v 
-128 5144 646 2278 333 24 -101 -182 30 
-132 4899 1014 2523 46 19 -182 -185 30 
31 5560 282 28 207 -137 -118 -229 -140 
-137 0 282 5560 207 v -118 -229 31 
-138 5588 282 141 43 31 -118 -140 28 
-140 5588 325 4412 164 31 -138 -229 v 
-141 0 1481 882 127 v -196 -143 25 
32 273 1608 249 132 -142 -141 -204 -143 
-142 0 1608 273 132 v -141 -204 32 
-143 522 1608 360 132 32 -141 -204 25 
33 3160 836 985 45 -146 -178 -187 -179 
-146 0 836 3160 45 v -178 -187 33 
-149 0 9430 10000 353 v 50 -151 v 
34 9719 9783 30 200 -150 -149 -1 -151 
-150 0 9783 9719 200 v -149 -1 34 
-151 9749 9783 251 200 34 -149 -1 v 
-153 9365 5538 635 33 3 18 35 v 
35 9877 5571 123 287 -154 -153 -35 v 
-154 9365 5571 512 1 3 -153 -155 35 
-155 0 5572 9877 286 v -12 -35 35 
-156 0 4999 10000 432 v -175 -158 v 
36 9365 5431 322 78 -157 -156 18 -158 
-157 0 5431 9365 73 v -156 3 36 
-158 9687 5431 313 107 36 -156 -153 v 
37 9495 8724 224 123 -161 -43 -96 -162 
-161 6375 8724 3120 123 23 -43 -96 37 
-162 9719 8724 281 123 37 -43 -96 v 
38 4813 6905 143 48 -236 -234 -238 -166 
-166 4956 6905 5044 48 38 -234 -238 v 
39 625 1393 134 62 -169 -188 -196 -192 
-169 0 1393 625 62 v -188 -196 39 
-174 0 2216 10000 1265 v -253 -176 v 
40 3895 3481 2620 1518 -175 -174 -156 -176 
-175 0 3481 3895 1518 v -174 -156 40 
-176 6515 3481 3485 1518 40 -174 -156 v 
41 4341 582 322 631 -177 -230 -199 -185 
-177 2292 582 2049 56 14 -230 -178 41 
-178 0 638 4341 198 v -57 -179 41 
-179 4145 836 196 45 33 -178 -187 41 
-182 4663 979 2759 35 41 29 -132 30 
-185 4663 1060 2759 153 41 19 -7 30 
-187 0 881 4341 162 v -146 -189 41 
42 831 1043 23 438 -188 -187 -141 -195 
-188 0 1043 831 350 v -187 -192 42 
-189 854 1043 3487 170 42 -187 -199 41 
-192 759 1393 72 62 39 -188 -196 42 
-195 854 1418 28 63 42 -200 -141 25 
-196 0 1455 831 26 v -169 -141 42 
43 4701 582 20 397 29 -230 -182 24 
-199 854 1213 4806 153 42 -189 -201 1 
44 1941 1366 94 493 -200 -199 -217 -215 
-200 854 1366 1087 52 42 -199 -202 44 
-201 2035 1366 3625 438 44 -199 -214 1 
-202 1072 1418 869 322 25 -200 -204 44 
-204 0 1740 1941 35 v -142 -206 44 
-206 1111 1775 830 84 13 -204 -217 44 
45 6877 7792 315 142 -255 -246 -257 -212 
-212 7192 7931 2808 3 45 -247 -257 v 
-214 2035 1804 7965 7 44 -201 -216 v 
46 4603 1811 63 189 -215 -214 -89 -222 
-215 2035 1811 2568 48 44 -214 -217 46 
-216 4666 1811 5334 49 46 -214 -87 v 
-217 1111 1859 3492 141 13 -206 -89 46 
-220 4666 1860 4824 19 46 -216 -222 21 
-222 4666 1879 5334 121 46 -220 -89 v 
47 9640 8104 47 128 -261 -259 -72 -226 
-226 9687 8104 313 128 47 -259 -72 v 
-227 7784 8125 1856 107 17 -258 -72 47 
-229 0 489 10000 49 v -137 -231 v 
48 7893 538 187 44 -230 -229 30 -231 
-230 0 538 7893 44 v -229 30 48 
-231 8080 538 1920 44 48 -229 -126 v 
49 3891 6869 100 138 -233 -66 -68 -238 
-233 3684 6869 207 138 16 -66 -68 49 
-234 3991 6869 6009 36 49 -66 -166 v 
-236 3991 6905 822 48 49 -234 -238 38 
-238 3991 6953 6009 54 49 -236 -68 v 
-240 0 8965 10000 122 v -16 -241 v 
50 0 9087 324 343 v -240 -149 -243 
-241 324 9087 9676 2 50 -240 -64 v 
-242 324 9089 6239 93 50 -241 -243 15 
-243 324 9182 9676 248 50 -242 -149 v 
-245 5248 7641 4752 102 10 -249 51 v 
51 9944 7743 56 188 -246 -245 -212 v 
-246 5248 7743 4696 49 10 -245 -247 51 
-247 7192 7792 2752 139 45 -246 -212 51 
52 6685 7405 31 236 -249 -46 -245 -250 
-249 5248 7405 1437 236 12 -46 -245 52 
-250 6716 7405 3284 236 52 -46 -245 v 
-252 0 2181 10000 7 v -115 -254 v 
53 205 2188 304 28 -253 -252 -174 -254 
-253 0 2188 205 28 v -252 -174 53 
-254 509 2188 9491 28 53 -252 -174 v 
-255 5248 7792 1629 47 10 -246 -256 45 
54 5248 7839 72 95 10 -255 -257 -256 
-256 5320 7839 1557 95 54 -255 -257 45 
-257 0 7934 10000 169 v -40 -259 v 
55 7933 8103 508 22 -258 -257 -227 -261 
-258 0 8103 7933 22 v -257 -227 55 
-259 8441 8103 1559 1 55 -257 -226 v 
-261 8441 8104 1199 21 55 -259 -227 47 
