956
10000 10000
1 5660 1213 1010 591 315 196 -2158 508 
2 7735 1332 80 292 508 99 -2157 -1481 
3 8903 5504 462 68 -488 -486 501 555 
4 2392 8938 217 27 591 323 462 -2040 
5 6282 0 1478 159 227 v 595 537 
6 4316 7261 640 122 -2011 -2009 436 251 
7 5637 588 1785 58 368 300 287 30 
8 9746 0 143 175 77 v 258 -31 
-31 9889 124 111 51 8 78 258 v 
9 8248 5892 1117 25 -2138 501 -1258 246 
10 5015 7584 233 350 -722 12 -1920 54 
11 3041 8724 121 131 -1762 -829 -1763 71 
12 4941 7405 307 179 137 436 10 -1535 
13 486 1775 625 269 -2053 -881 -2321 590 
14 2035 582 257 56 -1761 -2307 364 350 
15 6563 9089 368 93 278 -2253 70 -2254 
16 3623 6869 61 236 104 371 460 567 
17 7613 8125 171 206 81 -1703 598 -2260 
18 9365 5509 322 29 3 36 555 200 
19 4663 1014 236 46 41 -1108 -1112 -1110 
20 2527 7368 815 14 83 -440 -2029 69 
21 9490 1860 486 19 -2163 387 522 526 
22 2035 2027 77 98 289 400 -756 -1838 
23 6312 8724 63 130 -1663 557 255 198 
24 4721 582 423 397 43 210 -1108 215 
25 882 1418 190 322 -195 -1063 -1908 -1678 
26 506 0 151 58 231 v -1988 453 
27 8970 2163 356 18 -568 -1912 -1916 -1914 
28 5729 282 163 43 256 593 -2313 -2312 
29 4663 582 38 397 41 210 -1108 43 
30 7422 582 774 631 300 -1349 90 84 
31 5560 282 28 207 486 593 -1909 -2313 
32 273 1608 249 132 245 -1754 -1908 -1955 
33 3160 836 985 45 575 -2273 -2261 -179 
34 9719 9783 30 200 385 500 -1616 -840 
35 9877 5571 123 287 200 -1028 469 v 
36 9365 5431 322 78 154 404 18 200 
37 9495 8724 224 123 -1662 101 56 415 
38 4813 6905 143 48 562 -1707 -2190 372 
39 625 1393 134 62 389 374 -2173 103 
40 3895 3481 2620 1518 467 -2031 121 63 
41 4341 582 322 631 -1167 131 -2262 -1112 
-179 4145 836 196 45 33 -1167 -2261 41 
42 831 1043 23 438 -874 601 318 -195 
-195 854 1418 28 322 42 -1063 -1908 25 
43 4701 582 20 397 29 210 -1108 24 
44 1941 1366 94 493 -2231 540 -1839 400 
45 6877 7792 315 142 471 335 280 421 
46 4603 1811 63 189 -999 -2158 125 407 
47 9640 8104 47 128 254 -2239 475 550 
48 7893 538 187 44 -1349 595 30 195 
49 3891 6869 100 138 -1054 371 567 228 
50 0 9087 324 343 v 525 579 168 
51 9944 7743 56 188 -2236 544 458 v 
52 6685 7405 31 236 581 143 -2286 182 
53 205 2188 304 28 -1750 223 -1752 269 
54 5248 7839 72 95 10 324 -1920 265 
55 7933 8103 508 22 -1703 369 563 316 
56 8797 8847 922 894 285 357 -2137 500 
57 9570 1934 163 135 539 522 -1159 264 
58 8641 2218 329 37 105 -1916 263 -1918 
59 1824 1931 53 324 602 392 -2030 234 
60 1523 1739 165 270 363 92 -2320 -1791 
61 2035 638 190 110 -1761 14 339 364 
62 1401 1447 122 96 207 96 123 -978 
63 6515 3452 316 1547 -2031 118 -1556 -362 
64 8469 1804 435 24 -2159 -1958 -2163 273 
65 6422 1948 419 307 -2068 -2160 263 -567 
66 2141 8724 103 69 -2048 -829 122 382 
67 7998 3452 25 1547 -362 118 331 186 
-362 6831 3452 1167 1547 63 118 331 67 
68 7450 7934 55 260 280 421 100 558 
69 3342 6967 250 438 600 414 433 432 
70 6577 9182 463 324 262 15 416 408 
71 3162 8826 162 88 11 -2225 -2038 -1068 
72 6264 646 82 68 183 7 -2296 -2295 
73 6780 1089 642 124 -2205 533 508 30 
74 0 7561 1235 109 v 167 541 519 
75 737 765 190 65 -2111 117 529 -2022 
76 1523 582 71 162 596 437 -2245 -1521 
77 9701 0 45 175 -1893 v 258 8 
78 9889 58 111 66 8 202 -31 v 
79 1599 7338 77 67 167 -2128 274 578 
80 9871 8963 129 103 290 -1412 410 v 
81 7520 8072 93 515 558 277 299 -2315 
82 7090 6359 471 109 327 222 -1478 523 
83 2255 7250 272 155 -1502 -1500 -1952 466 
-440 2527 7250 815 118 83 -1500 20 69 
84 8196 582 590 631 30 195 90 547 
85 5470 8724 434 1276 135 557 v 456 
-464 5904 9360 673 278 85 -1296 -1886 416 
86 2764 42 2026 79 -1011 -1910 -1017 119 
87 7051 5420 589 314 293 583 158 -2138 
-486 7640 5464 1725 40 87 -2294 3 36 
-488 7640 5504 1263 68 87 -486 501 3 
88 2292 751 51 130 339 350 148 597 
89 9473 215 42 206 -957 317 373 175 
90 7889 1213 1030 55 309 30 -1957 442 
91 9365 5200 322 26 331 -1557 404 -514 
-514 9687 5200 313 230 91 -1557 -1028 v 
92 1523 1682 237 57 -1677 189 -1791 392 
93 9334 7934 226 142 -1508 -922 -2239 -2237 
94 4354 8898 472 40 -2036 218 565 452 
95 6542 7743 84 94 333 -2287 226 -2289 
96 1401 1404 122 43 207 -2232 62 -2234 
-536 1072 1521 329 117 25 -1064 -1677 123 
97 4790 489 230 49 -1278 253 275 -1909 
98 5067 6073 2573 234 235 -1218 222 -1039 
99 7735 1213 80 119 508 30 2 -1481 
100 7450 8194 55 194 280 68 -2251 558 
101 9191 8331 496 393 188 -2221 37 550 
102 8652 7605 275 38 288 412 -1463 -846 
103 759 1413 72 124 39 587 586 318 
104 3592 6869 31 236 414 371 432 16 
105 8469 2163 172 92 -567 -1912 263 58 
-567 6841 2163 1628 92 65 -1912 263 105 
-568 8641 2163 329 18 105 -1912 -1916 27 
106 4401 2000 212 152 -1994 -999 -1101 125 
107 5904 9638 146 345 85 -464 456 401 
108 70 786 74 139 -1896 -2154 348 -1727 
-585 0 939 70 135 v 420 492 576 
109 1153 2136 64 119 -819 -2321 413 -2255 
110 9630 7777 57 157 172 301 -2237 550 
111 737 619 121 87 -2105 -2099 -2109 115 
112 8351 7405 205 48 303 -1372 412 -1585 
113 7923 159 130 379 595 537 48 238 
114 8138 7643 553 19 532 288 149 -1463 
115 858 619 173 87 111 -2099 -2109 498 
116 2143 538 188 44 -2307 -2153 350 504 
117 737 726 190 39 -2111 -2109 75 225 
118 6515 2878 3485 574 -2031 263 -2213 v 
119 4790 0 150 282 427 v -2091 593 
120 215 1904 271 65 -944 461 -1550 13 
121 6282 4999 335 50 161 40 293 -1556 
122 2141 8793 103 50 -2048 66 360 382 
123 1401 1543 122 95 -536 62 -1677 189 
124 3854 1387 124 201 266 -2262 142 493 
125 4613 2000 767 152 106 46 -1101 213 
126 1036 2193 117 62 -1725 -819 413 109 
127 1941 2059 94 196 234 289 -2030 -756 
128 1478 889 45 154 -1947 150 -1809 -1807 
129 0 8665 1599 52 v 276 -829 -1353 
130 768 2166 262 27 487 151 -1725 -819 
131 4227 538 144 44 -2146 -2153 41 306 
132 8218 501 232 37 -1230 -1903 528 -1905 
133 9687 7588 128 155 337 354 -2236 544 
134 1361 1071 110 123 147 -1809 342 496 
-705 854 1183 507 11 42 -790 136 134 
135 5126 8724 344 1276 248 557 v 85 
136 1355 1194 77 121 535 -705 -1799 342 
137 4215 7405 726 529 -733 271 -1920 -722 
-722 4941 7584 74 350 137 12 -1920 10 
138 4978 9603 52 397 402 145 v 247 
139 5096 1962 284 38 429 -1862 125 213 
140 4009 7405 92 106 556 271 -2301 -733 
-733 4101 7405 114 106 140 271 -2301 137 
141 1773 228 872 290 409 197 -2153 -1278 
142 3077 1588 901 667 -1838 257 -2031 -998 
-756 2035 2125 1042 130 127 22 467 142 
143 6088 6861 768 544 -1899 -2046 -1574 -1372 
144 9610 215 30 247 174 317 499 571 
145 4978 9400 148 203 580 -2284 -1655 135 
146 134 1799 142 46 -934 474 461 -788 
-788 276 1799 210 46 146 474 -2014 13 
147 1272 1071 89 112 -790 361 -705 134 
-790 854 1071 418 112 42 -1673 -705 147 
148 2035 881 1225 506 -2184 339 266 564 
149 8138 7662 553 272 532 114 -1508 -922 
150 1398 830 125 59 311 463 128 553 
151 768 2136 262 30 487 -1941 130 -819 
-819 1030 2136 123 57 151 -2321 126 109 
152 4215 8313 326 411 -2080 -2074 -2180 557 
-829 0 8717 4215 7 v 129 -2180 152 
153 2951 4660 944 339 -2030 467 192 40 
154 7922 5353 1443 111 -2294 331 -486 36 
155 9812 9783 64 200 -840 500 -1616 524 
-840 9749 9783 63 200 34 500 -1616 155 
156 4160 7554 55 112 -2305 -2303 214 137 
157 9090 7605 540 38 -846 412 -1463 337 
-846 8927 7605 163 38 102 412 -1463 157 
158 7482 5734 158 339 -1218 87 98 -1039 
159 9365 5662 322 37 501 -2142 -1254 200 
160 9824 9305 52 478 500 -928 155 310 
161 6122 4999 160 50 459 40 293 121 
162 9451 7453 179 152 543 -1585 157 337 
163 1553 9430 1013 570 579 168 v -871 
-871 2566 9798 2412 202 163 -1747 v 138 
164 625 1043 71 87 229 376 -1718 -874 
-874 696 1043 135 87 164 -1728 -1718 42 
165 9546 215 43 247 175 317 499 174 
166 134 1740 219 27 -934 245 474 -881 
-881 353 1761 1170 14 166 -1908 590 60 
167 0 4999 1599 2562 v -906 519 274 
-889 1599 6236 3468 71 167 235 -1472 98 
168 324 9087 1244 343 50 525 163 294 
169 5462 4999 452 50 192 40 293 459 
170 452 2842 240 1041 -906 -1877 353 413 
-906 0 2842 452 2157 v -1877 167 353 
171 2942 7405 348 261 -1953 -2029 214 -2302 
-913 3290 7459 719 52 171 -2250 -2301 140 
172 9358 7670 272 214 -922 -1463 431 110 
-922 8691 7670 667 264 149 -1463 93 431 
-927 9719 9209 281 44 56 322 173 v 
173 9865 9253 135 52 -928 -927 507 v 
-928 9719 9253 146 52 56 -927 160 173 
174 9589 215 21 247 165 317 499 144 
175 9515 215 31 206 89 317 373 165 
176 8382 9923 415 60 -1894 377 185 385 
177 26 1740 30 194 291 568 329 -944 
-934 56 1740 78 164 177 -2266 -944 461 
-944 56 1904 159 30 177 -934 -1549 120 
178 1834 725 86 87 320 -2183 -2246 395 
179 9319 215 115 149 -1057 317 -1447 -957 
-957 9434 215 39 149 179 317 -1447 89 
180 8138 7453 114 152 532 303 288 412 
181 0 8724 386 167 v -829 -1566 332 
182 6716 7405 61 236 52 143 -2286 267 
183 6097 646 167 68 527 7 -2296 72 
184 301 58 129 57 -1979 231 260 -1988 
185 8707 9983 387 17 456 176 v 343 
186 8023 4535 1977 464 67 538 -1557 v 
187 544 2044 140 92 -1551 13 487 -1941 
-974 0 2062 544 74 v 291 269 187 
188 8229 8331 962 393 598 465 -1662 101 
-978 1523 1503 418 87 62 -2234 -1789 44 
189 1523 1590 237 92 123 -978 92 392 
190 4269 8938 239 53 477 -2036 268 565 
191 5988 8724 118 130 -987 557 255 334 
-987 5904 8724 84 130 85 557 255 191 
192 1851 4999 3611 50 531 -1653 293 169 
193 9687 6720 128 712 -1546 270 354 544 
194 4145 1811 27 444 321 -2158 -2031 -1101 
-998 3978 1992 167 263 142 321 -2031 194 
-999 4172 1811 431 189 194 -2158 106 46 
195 8080 538 153 44 48 -1230 84 -2202 
196 5637 1143 170 70 -1243 -2205 1 -1007 
-1007 5807 1143 973 70 196 -2205 508 73 
197 1773 0 872 228 409 v 141 -1017 
-1011 2645 42 119 79 197 -1910 -1017 86 
-1017 2645 121 2145 161 197 -1011 -2091 119 
198 6375 8787 81 67 23 -1355 255 -1357 
199 5009 8810 117 85 399 248 -1830 135 
200 9687 5430 190 923 404 -514 -2222 383 
-1028 9877 5430 123 141 200 -514 35 v 
-1039 7640 5920 2047 742 158 -1258 -1546 270 
201 179 618 297 22 211 -2100 272 520 
202 9889 0 111 58 8 v 78 v 
203 6635 8519 815 205 557 430 285 546 
-1054 3684 6869 207 107 16 371 204 49 
204 3684 6976 207 31 16 -1054 567 49 
205 9123 215 142 62 -2209 317 -2210 -1057 
-1057 9265 215 54 62 205 317 -2210 179 
206 4988 329 298 28 -1060 -2091 569 486 
-1060 2645 329 2343 28 141 -2091 -2267 206 
207 1227 1404 174 117 -1063 -2232 -536 62 
-1063 854 1404 373 14 42 -2232 -1064 207 
-1064 1072 1418 155 103 25 -1063 -536 207 
208 6303 7405 177 45 434 143 398 -2121 
209 3535 8826 61 88 -1068 545 -2038 468 
-1068 3324 8826 211 88 71 -2225 -2038 209 
210 4500 538 394 44 306 -2153 24 275 
211 84 605 95 91 405 344 536 272 
212 5144 582 397 164 24 275 394 368 
213 5380 1811 57 444 -1862 -2158 -2031 -2069 
-1101 4172 2152 1208 103 194 455 -2031 213 
214 2108 7666 2107 260 -2189 274 292 137 
215 5144 948 36 265 24 -1239 315 241 
-1108 4663 979 481 35 41 29 -1110 215 
-1110 4899 1014 245 46 19 -1108 -1112 215 
-1112 4663 1060 481 153 41 19 315 215 
216 1964 8724 38 363 -1375 -829 294 -2095 
217 5904 8895 117 96 85 255 -1361 236 
218 4354 8744 178 154 -2036 -2180 94 -1828 
219 8786 139 200 76 -2207 418 -2209 317 
220 8922 538 147 44 528 424 -2271 513 
221 6870 1948 34 177 572 -2160 -1911 -1159 
-1159 6904 2069 3096 56 221 -2215 -1911 v 
222 7090 6307 550 52 327 98 523 -1039 
223 205 2136 157 52 417 -974 53 450 
224 3262 582 102 254 497 504 33 -1167 
-1167 3364 582 977 254 224 504 -179 41 
225 927 726 123 41 117 -2109 -2022 -2020 
226 6542 7837 84 97 -1825 95 -1920 -2289 
227 6247 0 35 159 -1785 v -2312 5 
228 3991 7003 325 153 49 -2259 -2007 446 
229 577 964 48 259 -1386 -1731 443 374 
230 7613 6468 27 194 -1478 523 -1546 -1039 
231 301 0 205 58 -1979 v -1988 26 
232 1836 8301 869 181 -1352 -2219 -1353 -1205 
-1205 2705 8330 1510 152 232 -2077 -1353 152 
233 3190 662 72 174 -2273 497 33 224 
234 1877 1931 64 324 59 -1839 -2030 127 
235 1599 5049 3468 1187 167 531 -889 98 
-1218 5067 5734 2415 339 235 293 98 158 
236 6021 8895 435 96 217 255 -1361 -1357 
237 1294 2186 229 43 -2255 560 326 -2258 
238 8053 159 18 379 113 537 48 -1230 
-1230 8071 501 147 37 238 -1903 195 132 
239 8696 279 427 82 534 -2210 -1860 -1431 
240 731 889 315 33 -1728 279 476 438 
241 5180 790 361 423 -1239 394 315 -1243 
-1239 5144 790 36 158 24 394 215 241 
-1243 5541 1143 96 70 241 -2205 315 196 
242 7026 7706 707 86 335 464 421 478 
243 418 8724 173 37 570 -829 362 -1606 
244 9365 5699 150 131 501 159 246 -1254 
-1254 9515 5699 172 131 244 159 246 200 
245 94 1608 179 132 -2266 -1754 166 32 
246 9365 5830 322 90 501 244 -1039 200 
-1258 7640 5917 1725 3 158 -2138 -1039 246 
247 5030 9941 96 59 138 355 v 135 
248 5009 8724 117 86 399 557 199 135 
249 6701 9959 339 24 302 416 456 -2311 
250 9763 215 237 323 585 258 -2176 v 
251 4956 7254 342 151 304 372 -1535 -1898 
252 1071 1245 179 70 -2181 561 -1799 535 
253 4790 407 496 82 -1278 -2267 -1909 486 
-1278 2645 407 2145 111 141 -2267 -2153 97 
254 9560 8104 80 128 -1512 -2239 475 47 
255 5904 8854 552 41 85 -987 236 -1357 
256 5588 282 141 43 31 593 -2313 28 
257 3077 1573 777 15 -1838 266 142 124 
258 9701 175 299 40 317 77 250 v 
259 1288 8821 676 266 514 -1606 294 216 
260 30 115 627 423 502 -1978 490 -1454 
261 1396 457 377 61 -2152 409 -2153 141 
262 6456 9182 121 178 -1296 -1361 -464 70 
-1296 5904 9182 552 178 85 -1361 -464 262 
263 6515 2255 3485 623 -2031 65 118 v 
264 9733 1934 49 135 57 522 -1159 -1299 
-1299 9782 1934 218 135 264 522 -1159 v 
265 5320 7405 175 529 -1535 -1898 -1920 -1980 
266 3077 1387 777 186 -1838 148 257 124 
267 6777 7473 14 461 182 -1574 -1921 471 
268 4093 8991 885 96 -2061 477 -1836 399 
269 509 2136 90 80 450 -974 -1752 330 
270 9687 6353 128 367 -1039 200 193 -2222 
271 3684 7393 632 12 460 -2011 137 436 
272 179 640 297 56 211 201 -2212 520 
273 8904 1804 422 24 64 -1958 -2163 -1777 
274 1599 7405 658 261 167 79 214 -1952 
275 4894 538 616 44 210 97 212 -1349 
-1349 5510 538 2383 44 275 -1909 30 48 
276 0 8174 1599 491 v 541 129 -1353 
-1352 1599 8301 237 181 276 -2219 -1353 232 
-1353 1599 8482 2616 235 276 -1352 -829 152 
277 7505 7934 108 138 68 421 81 -1703 
278 6535 8724 28 458 -1355 557 262 15 
-1355 6375 8724 160 63 23 557 -1357 278 
-1357 6456 8787 79 204 198 -1355 -1361 278 
-1361 5904 8991 631 191 85 217 262 278 
279 711 830 104 59 -1364 -2111 240 529 
-1364 144 830 567 59 108 -1613 -1728 279 
280 7130 7934 320 585 -1921 45 203 -2251 
281 9057 6861 630 544 -1372 -1546 337 193 
-1372 6856 6861 2201 544 143 -2046 -1585 281 
282 1787 8724 64 79 -1607 -829 308 -1375 
-1375 1851 8724 113 97 282 -829 259 216 
283 1227 726 296 40 552 351 463 553 
284 245 925 79 65 472 -1727 451 -1386 
-1386 324 964 253 28 284 -1731 403 229 
285 7124 8724 1673 695 -1631 203 377 56 
286 8953 391 77 91 406 -1860 491 -1437 
-1395 8071 461 882 21 238 -2175 491 286 
287 7340 646 82 388 584 7 533 30 
288 8138 7605 514 38 532 180 114 102 
289 1941 1978 94 81 234 -1841 127 22 
290 9819 8866 52 343 -1529 415 -927 410 
-1412 9871 8866 129 97 290 415 80 v 
291 0 1740 26 322 v 568 -974 329 
292 1599 7926 2616 183 541 -2189 -2074 -1920 
293 5067 5049 1984 685 235 192 -1218 87 
294 1568 9087 665 343 168 259 163 -1961 
-1430 9123 279 196 62 239 -2210 296 179 
295 9205 341 53 197 -1431 -1430 513 296 
-1431 9123 341 82 20 239 -1430 -1860 295 
-1437 9030 391 175 91 286 -1860 -2114 295 
296 9258 341 61 197 295 -1430 513 373 
-1447 9319 364 154 57 296 179 373 89 
297 4874 8744 104 95 -1451 515 -1828 399 
-1451 4532 8744 342 95 218 -2180 -1828 297 
298 841 248 138 290 518 -2147 -2099 505 
-1454 657 443 184 95 260 518 -2099 298 
299 7505 8587 108 137 546 558 285 -2315 
300 5637 582 1785 6 368 -1349 7 30 
301 9630 7643 57 134 -1463 337 110 550 
-1463 8691 7643 939 27 114 102 172 301 
302 6456 9959 245 24 -1766 384 456 249 
303 8138 7405 213 48 532 -1372 412 112 
304 4803 7173 153 88 -2009 521 6 251 
305 6923 6307 51 218 -1472 98 -2046 470 
-1472 1599 6307 5324 218 167 -889 -2046 305 
306 4371 538 129 44 131 -2153 41 210 
307 7090 6468 183 40 327 82 479 -1478 
-1478 7273 6468 340 194 307 82 -1546 230 
308 1477 8803 374 18 -1606 340 259 -1375 
309 7872 1213 17 591 -1481 30 -2159 -1958 
-1481 7815 1213 57 411 99 30 -2157 309 
310 9876 9485 47 368 160 -2155 530 482 
311 1111 830 287 59 -2203 -2022 -1947 150 
312 9293 1213 197 591 442 547 -1777 387 
313 7124 9923 252 60 594 377 456 419 
314 1895 7160 171 245 -2131 510 274 -1502 
-1500 2066 7160 1276 90 314 510 -440 69 
-1502 2066 7250 189 155 314 -1500 274 83 
315 5091 1213 569 591 -2262 -1112 -2158 1 
316 8441 7934 192 191 369 149 542 -1512 
-1508 8633 7934 701 142 316 149 -2239 93 
-1512 8633 8104 927 21 316 -2239 -2221 254 
317 8986 139 715 76 219 418 585 258 
318 831 1481 23 259 103 42 -1908 -195 
319 9904 5944 96 106 383 469 328 v 
320 1714 725 120 87 -1521 -2183 -2246 178 
-1521 1594 725 120 19 76 -2183 -2245 320 
321 3978 1712 167 280 142 493 -998 194 
-1527 4145 1712 946 92 321 -2119 -2158 315 
322 9719 8866 80 343 56 415 -927 -1529 
-1529 9799 8866 20 343 322 415 -927 290 
323 2285 8880 518 58 382 -1763 -2040 -2038 
-1532 2803 8880 359 34 323 -1763 -2038 71 
-1535 5248 7405 72 345 12 251 324 265 
324 5248 7750 72 89 10 -1535 54 265 
325 5738 489 154 49 426 -2313 -1349 -2314 
326 1294 2229 229 26 -2255 237 413 -2258 
327 7051 6307 39 554 470 98 -1372 -1546 
-1546 7090 6662 2597 199 327 484 281 193 
328 9904 6050 96 66 383 319 -1764 v 
329 26 1934 71 128 291 177 -974 -1551 
-1549 97 1934 118 35 329 -944 -1550 120 
-1550 97 1969 389 75 329 -1549 -1551 13 
-1551 97 2044 447 18 329 -1550 -974 187 
330 599 2194 169 61 269 487 413 375 
331 7922 4999 1443 354 -1556 -362 154 404 
-1556 6617 4999 1305 50 121 63 -2293 331 
-1557 9365 4999 635 201 331 186 -514 v 
332 386 8890 32 182 181 570 525 -2268 
-1566 0 8891 386 181 v 181 525 332 
333 6480 7653 62 104 398 -2121 -1825 95 
334 6106 8809 206 45 191 358 255 23 
335 6877 7405 149 387 -1574 -1372 45 242 
-1574 6777 7405 100 68 182 143 471 335 
336 70 1101 254 274 492 576 389 -1582 
-1582 324 1165 253 210 336 -1985 389 443 
337 9630 7405 57 238 -1585 281 301 133 
-1585 8556 7405 1074 48 112 -1372 162 337 
338 2372 582 246 299 597 504 148 -2272 
339 2035 748 257 133 -2184 61 148 88 
340 1477 8724 231 79 -1606 -829 308 -1607 
-1606 591 8724 886 97 243 -829 259 308 
-1607 1708 8724 79 79 340 -829 308 282 
341 625 765 86 65 506 490 -1364 -2111 
-1613 144 786 481 44 108 -2154 -1364 341 
342 1432 1194 91 121 136 134 -1799 -1797 
343 9094 9983 446 17 185 385 v -1616 
-1616 9540 9983 460 17 343 385 v v 
344 84 538 311 67 405 260 -2100 554 
345 5892 0 117 89 593 v 359 390 
-1625 6563 8867 561 121 278 -1630 346 285 
346 7087 8988 37 363 -2252 -1625 408 285 
-1628 7040 9182 47 169 70 -2254 408 346 
347 6645 8724 286 143 -1630 203 -1625 -1631 
-1630 6563 8724 82 143 278 557 -1625 347 
-1631 6931 8724 193 143 347 203 -1625 285 
348 70 925 86 65 -1896 108 451 472 
349 1752 6861 745 8 -1634 -2046 551 371 
-1634 1599 6861 153 279 167 -2046 -2171 510 
350 2292 582 51 169 14 116 88 597 
351 1173 637 169 89 -2135 -2134 283 548 
352 1597 2183 163 72 -2258 -2322 413 602 
353 452 3883 240 1116 -906 170 167 -1653 
-1653 692 4703 2259 296 353 413 192 153 
354 9687 7432 128 156 337 193 133 544 
-1655 5030 9603 96 263 138 145 355 135 
355 5030 9866 96 75 138 -1655 247 135 
356 0 1293 37 234 v -2116 568 -1754 
357 8797 8724 194 123 285 188 56 -1662 
-1662 8991 8724 504 123 357 188 56 37 
-1663 6106 8724 206 41 191 557 358 23 
358 6106 8765 206 44 191 -1663 334 23 
359 5892 89 117 70 593 345 -2312 390 
360 2141 8843 103 59 -2048 122 489 382 
361 1123 1043 195 28 -1673 -2060 147 -1809 
-1673 854 1043 269 28 42 601 -790 361 
362 418 8761 173 60 570 243 -2268 -1606 
-1677 1072 1638 451 53 25 -536 363 92 
363 1227 1691 296 49 -1678 -1677 425 60 
-1678 1072 1691 155 49 25 -1677 425 363 
364 2225 638 67 110 61 14 339 350 
365 9904 6265 96 88 383 -1764 -2222 v 
366 1217 538 82 81 -2099 -2153 -2134 488 
367 6164 9857 208 110 370 397 401 -1766 
368 5541 582 96 222 212 -1349 -2200 527 
369 7933 7934 508 169 -1703 566 55 316 
-1703 7613 7934 320 191 277 421 563 55 
370 6050 9857 114 110 107 397 401 367 
371 2497 6861 1819 8 349 -2046 582 -1705 
372 4956 6861 342 393 -1705 -2046 251 -1898 
-1705 4316 6861 640 27 371 -2046 -1707 372 
-1707 3991 6888 965 17 49 582 38 372 
373 9319 421 227 117 296 -1447 -2176 499 
-1718 625 1130 206 57 229 164 -2299 42 
374 625 1187 38 206 229 -1718 39 -2300 
-1722 37 1395 588 119 356 389 -2085 485 
375 768 2193 167 62 487 130 413 -1725 
-1725 935 2193 101 62 375 130 413 126 
376 625 889 56 154 -1727 -1364 164 -1728 
-1727 144 889 481 36 108 -1364 -1731 376 
-1728 681 889 50 154 376 -1364 -874 601 
-1731 324 925 301 39 284 -1727 229 376 
377 7124 9419 1673 504 408 285 176 385 
378 4297 9410 231 388 -1966 -2283 -871 402 
-1747 2566 9430 1731 368 163 -1961 -871 378 
379 48 2136 44 119 -1749 -974 -1877 -1752 
-1749 0 2136 48 119 v -974 -1877 379 
-1750 92 2181 113 35 379 417 -1752 53 
-1752 92 2216 507 39 379 -1750 -1877 330 
380 389 1514 158 94 -1754 -1722 -2089 -2085 
-1754 37 1514 352 94 356 -1722 32 380 
381 1594 582 120 61 76 437 -2182 -1761 
-1761 1714 582 321 61 381 437 -2182 61 
382 2244 8724 41 178 66 -829 489 323 
-1762 2285 8724 756 131 382 -829 -1763 11 
-1763 2285 8855 877 25 382 -1762 -1532 71 
383 9877 5944 27 409 200 469 -2222 365 
-1764 9904 6116 96 149 383 328 365 v 
384 6456 9887 121 72 -1766 -1888 302 416 
-1766 6372 9887 84 96 367 -1888 456 302 
385 8797 9763 922 220 377 -2137 -1616 34 
386 8545 8200 156 131 563 542 188 -2221 
387 9490 1733 486 127 312 -1816 21 526 
-1777 9326 1804 164 24 273 312 -2163 387 
388 7889 1551 1030 201 309 -1957 -1958 442 
389 37 1375 588 20 356 492 -1722 39 
390 6009 0 107 159 345 v -2312 -1785 
-1785 6116 0 131 159 390 v -2312 227 
391 7262 788 78 246 -2296 584 533 287 
-1789 1760 1590 181 90 189 -978 -1790 44 
392 1760 1680 95 251 189 -1789 59 -1839 
-1790 1855 1680 86 179 392 -1789 -1839 44 
-1791 1688 1739 72 270 60 92 -2320 602 
393 1760 1287 57 105 -1797 -1976 -2232 549 
-1797 1523 1287 237 28 342 -1976 -1799 393 
-1799 854 1315 906 77 42 516 -2232 393 
394 5144 746 397 44 24 212 241 368 
395 1920 725 21 471 178 -2183 -1976 447 
-1807 1523 1025 397 18 128 423 -1809 395 
-1809 1318 1043 602 28 361 -2060 -2132 395 
396 9921 1638 55 95 -1816 -2229 387 526 
-1816 9490 1638 431 95 312 -2229 387 396 
397 6050 9638 406 219 107 -464 -1888 -1886 
398 5846 7450 634 484 -1980 449 -1920 -1825 
-1825 6480 7757 62 177 398 333 -1920 226 
399 4978 8724 31 370 515 557 -2144 -1830 
-1828 4532 8839 446 59 218 -1451 452 399 
-1830 5009 8895 117 199 399 199 503 135 
-1836 2233 9087 2745 7 294 489 -2144 399 
400 2035 1387 77 640 44 148 22 -1838 
-1838 2112 1387 965 738 400 148 -756 142 
-1839 1855 1859 180 72 392 -1790 -1841 400 
-1841 1941 1931 94 47 234 -1839 289 400 
401 6050 9967 322 16 107 370 456 -1766 
402 4528 9410 450 388 378 580 -871 138 
403 542 992 35 173 -1985 -1386 -1582 229 
404 9365 5226 322 205 331 91 36 200 
405 37 538 47 196 -1851 260 -2154 536 
-1851 0 538 37 196 v 502 -2154 405 
406 8775 361 178 100 512 239 -1395 286 
-1860 8953 361 252 30 406 239 -1437 295 
407 4666 1811 41 189 46 -2158 125 429 
-1862 4707 1811 673 151 407 -2158 139 213 
408 7040 9351 84 229 70 -1628 594 377 
409 1218 0 555 457 -2148 v 261 141 
410 9871 9066 129 143 290 80 -927 v 
411 8108 350 588 56 -1872 534 -2175 512 
-1872 8071 350 37 56 238 534 -2175 411 
412 8252 7453 1020 152 180 303 157 543 
413 692 2255 1179 2448 -1877 330 -1653 -2030 
-1877 0 2255 692 587 v -1749 170 413 
414 3342 6869 250 98 600 371 69 104 
415 9719 8724 281 142 37 550 -1412 v 
416 6577 9506 463 453 -464 70 249 -2311 
-1886 6456 9638 121 219 397 -464 -1888 416 
-1888 6372 9857 205 30 367 397 384 416 
417 92 2136 113 45 379 -974 -1750 223 
418 8786 0 581 139 -2207 v 317 -1893 
-1893 9367 0 334 139 418 v 317 77 
419 7376 9923 270 60 313 377 456 -1894 
-1894 7646 9923 736 60 419 377 456 176 
420 0 786 37 153 v -2154 -585 -1896 
-1896 37 786 33 153 420 -2154 -585 348 
421 7192 7792 679 142 45 242 -1703 -2264 
422 5389 6861 317 544 -1898 -2046 -1980 -1899 
-1898 5298 6861 91 544 372 -2046 265 422 
-1899 5706 6861 382 544 422 -2046 449 143 
423 1523 895 71 130 128 553 -1807 -1902 
-1902 1594 895 326 130 423 -2246 -1807 395 
424 8696 482 256 56 -1903 -1395 220 491 
-1903 8071 482 625 19 238 -1395 -1905 424 
-1905 8450 501 246 37 132 -1903 528 424 
425 1121 1740 402 21 -1908 -1678 -881 60 
-1908 353 1740 768 21 166 32 -881 425 
426 5597 489 141 49 -1909 -2313 -1349 325 
-1909 5020 489 577 49 97 253 -1349 426 
427 3023 0 1767 42 -1910 v 86 119 
-1910 2645 0 378 42 197 v 86 427 
-1911 6841 2125 3159 7 65 572 -1913 v 
428 9508 2132 200 123 -1912 -1911 263 -1913 
-1912 6841 2132 2667 31 65 -1911 -1914 428 
-1913 9708 2132 292 123 428 -1911 263 v 
-1914 9326 2163 182 18 27 -1912 -1916 428 
-1916 8641 2181 867 37 105 -568 -1918 428 
-1918 8970 2218 538 37 58 -1916 263 428 
429 4707 1962 389 38 407 -1862 125 139 
430 6635 7934 42 585 -1920 -2289 203 -1921 
-1920 4215 7934 2420 175 292 137 -2074 430 
-1921 6677 7934 453 585 430 581 203 280 
431 9358 7884 272 50 -922 172 -2237 110 
432 3592 7105 54 300 69 104 433 -2004 
433 3503 7405 241 32 -1938 69 -2250 -2249 
-1938 3290 7405 213 32 171 -2029 -2250 433 
434 6161 7405 142 45 449 143 398 208 
435 785 2044 216 92 -1941 13 151 -2321 
-1941 684 2044 101 92 187 13 151 435 
436 4316 7383 640 22 -2011 6 12 251 
437 1523 538 205 44 596 -2153 -1761 445 
438 1046 889 246 86 240 -2203 -2060 -1947 
-1947 1292 889 186 86 438 311 -2060 128 
439 3978 1387 167 158 124 -2262 -2119 -1951 
-1951 4145 1387 946 158 439 -2262 -2119 315 
440 2635 7405 138 261 -1952 466 214 -1953 
-1952 2257 7405 378 261 274 83 214 440 
-1953 2773 7405 169 261 440 466 214 171 
441 625 1698 134 42 -1955 -2298 -1908 586 
-1955 522 1698 103 42 32 -2298 -1908 441 
442 8919 1213 374 591 90 547 273 312 
-1957 7889 1268 1030 283 309 90 388 442 
-1958 7889 1752 1030 52 309 388 273 442 
443 577 1223 48 152 -1582 229 389 374 
444 3112 9273 248 157 -1961 -2144 -1747 -1966 
-1961 2233 9273 879 157 294 -2144 -1747 444 
-1966 3360 9410 937 20 444 -2283 -1747 378 
445 1728 538 135 44 437 -2153 -1761 589 
446 4316 6953 226 220 -2259 562 -2009 521 
447 1941 949 18 297 395 -2185 540 -1975 
-1975 1959 949 76 297 447 -2185 540 148 
-1976 1523 1196 418 91 342 -2132 -2231 540 
448 47 0 90 115 -1978 v 260 -1979 
-1978 0 0 47 115 v v 260 448 
-1979 137 0 164 115 448 v 260 184 
449 5846 7405 315 45 -1980 -1899 398 434 
-1980 5495 7405 351 529 265 422 -1920 398 
450 362 2136 147 52 223 -974 53 269 
451 70 990 254 37 -585 348 576 -1985 
-1985 324 992 218 173 451 -1386 -1582 403 
452 4826 8898 152 40 94 -1828 565 399 
453 657 0 184 213 26 v 518 -2147 
-1988 430 58 227 57 184 231 260 453 
454 2609 9063 553 24 462 -2040 -1836 -2044 
455 4172 2000 44 152 194 -999 -1101 -1994 
-1994 4216 2000 185 152 455 -999 -1101 106 
456 5904 9983 2803 17 85 107 v 185 
457 7613 8446 50 130 81 592 -2315 598 
458 9944 7931 56 317 -2236 51 -2242 v 
459 5914 4999 208 50 169 40 293 161 
460 3665 7105 19 300 -2004 16 433 271 
-2004 3646 7105 19 300 432 16 433 460 
-2007 3684 7156 632 17 460 567 -2009 446 
-2009 3684 7173 1119 88 460 -2007 6 304 
-2011 3684 7261 632 132 460 -2009 271 436 
461 134 1845 195 59 -934 146 120 -2014 
-2014 329 1845 157 59 461 -788 120 13 
462 2392 8965 217 122 591 4 -1836 454 
463 1214 766 309 64 -2020 552 150 553 
-2020 1050 766 164 1 225 552 -2022 463 
-2022 927 767 287 63 75 225 311 463 
464 7026 7405 707 301 335 -1372 242 478 
465 7848 8288 697 43 -2260 563 188 386 
466 2527 7382 267 23 83 20 -1953 -2029 
-2029 2794 7382 548 23 466 20 -1938 69 
467 2951 2255 944 2405 -2030 -756 153 40 
-2030 1871 2255 1080 2448 413 59 -1653 153 
-2031 3895 2255 2620 1226 467 142 40 63 
468 3596 8724 23 363 574 -829 -1836 -2061 
-2036 3619 8744 735 194 468 -2180 190 94 
-2038 2803 8914 793 24 323 -1532 -2040 468 
-2040 2609 8938 987 125 4 323 -2044 468 
-2044 3162 9063 434 24 454 -2040 -1836 468 
469 9877 5858 123 86 200 35 319 v 
470 6974 6307 77 554 305 98 -1372 327 
-2046 1599 6525 5375 336 167 -1472 -1372 470 
471 6791 7473 86 461 267 -1574 -1921 45 
472 156 925 89 65 348 -1727 451 284 
473 2002 8724 49 183 216 -829 -2095 -2094 
-2048 2051 8724 90 178 473 -829 -2094 360 
474 134 1767 219 32 -934 166 -788 -2053 
-2053 353 1775 133 24 474 -881 -788 13 
475 9560 8232 127 99 -2221 254 101 550 
476 962 922 84 121 601 240 -1673 -2060 
-2060 1046 975 432 68 476 438 -1809 128 
477 4093 8938 176 53 -2061 -2036 268 190 
-2061 3619 8938 474 149 468 -2036 -1836 268 
478 7733 7405 138 387 464 -1372 421 -2264 
479 7090 6508 183 100 327 307 484 -1478 
480 9365 5580 322 40 501 555 -2142 200 
-2068 5437 1948 985 20 213 -2160 -2070 65 
481 5475 1968 37 287 -2069 -2068 -2031 -2070 
-2069 5437 1968 38 287 213 -2068 -2031 481 
-2070 5512 1968 910 287 481 -2068 -2031 65 
482 9923 9485 42 368 310 -2155 530 507 
483 4114 8109 27 221 -2219 292 -1205 -2080 
-2074 4141 8109 2494 204 483 292 557 430 
-2077 2705 8301 1409 29 232 -2219 -1205 483 
-2080 4141 8313 74 17 483 -2074 -1205 152 
484 7090 6608 183 54 327 479 -1546 -1478 
485 625 1455 33 192 -1722 39 -2298 511 
-2085 547 1514 78 94 380 -1722 -2089 485 
-2089 522 1608 103 39 32 380 -2298 485 
486 5286 282 274 207 -2091 593 -1909 31 
-2091 2645 282 2641 47 141 -1017 206 486 
487 599 2136 169 58 269 187 330 375 
488 1299 587 224 32 366 596 -2134 76 
489 2226 8902 59 185 -2094 360 -1836 591 
-2094 2051 8902 175 5 473 -2048 -2095 489 
-2095 2002 8907 224 180 216 473 294 489 
490 625 538 86 227 -2247 260 341 -2111 
-2099 711 538 506 81 490 -1454 -2134 366 
-2100 179 605 446 13 211 344 520 490 
-2105 711 619 26 87 490 -2099 -2109 111 
-2109 711 706 462 20 490 -2105 552 351 
-2111 711 726 26 104 490 -2109 279 75 
491 8952 482 171 56 424 -1395 513 -2114 
-2114 9123 482 82 56 491 -1437 513 295 
492 37 1074 33 301 -2116 -585 389 336 
-2116 0 1074 37 219 v -585 356 492 
493 3978 1545 49 167 124 439 321 -2119 
-2119 4027 1545 1064 167 493 439 -1527 315 
494 6626 7405 35 274 -2121 143 -2287 581 
-2121 6480 7405 146 248 208 143 -2125 494 
-2125 6542 7653 84 26 333 -2121 -2287 494 
495 1617 7140 89 198 -2128 -1634 578 -2131 
-2128 1599 7140 18 198 167 -1634 79 495 
-2131 1706 7160 189 178 495 -2171 -2281 314 
496 1471 1071 52 123 134 -1809 342 -2132 
-2132 1523 1071 397 125 496 -1809 -1976 395 
497 3190 582 72 80 -2273 504 233 224 
498 1031 619 68 87 115 -2099 -2109 -2135 
-2134 1099 619 424 18 498 -2099 548 76 
-2135 1099 637 74 69 498 -2134 -2109 351 
499 9546 462 94 76 373 165 -2176 571 
500 9719 9305 105 478 56 -928 155 160 
-2137 8797 9741 922 22 377 56 385 500 
501 8248 5572 1117 320 -2138 -488 9 246 
-2138 7640 5572 608 345 87 -488 -1258 9 
-2142 9365 5620 322 42 501 480 159 200 
502 0 115 30 423 v -1978 -1851 260 
503 5085 9094 41 306 -2144 -1830 145 135 
-2144 2233 9094 2852 179 294 -1836 -2282 503 
504 2331 538 1333 44 116 -2153 -1167 -2146 
-2146 3664 538 563 44 504 -2153 -1167 131 
505 979 0 149 538 -2147 v -2099 -2153 
-2147 841 0 138 248 453 v 298 505 
-2148 1128 0 90 457 505 v -2152 409 
-2152 1128 457 268 61 505 -2148 -2153 261 
-2153 1128 518 3662 20 505 -2152 210 97 
506 241 734 384 52 -2154 536 -1613 341 
-2154 0 734 241 52 v -1851 -1613 506 
507 9965 9305 35 678 -2155 173 -1616 v 
-2155 9876 9305 89 180 160 173 482 507 
508 6670 1213 1065 591 1 -1007 -2159 -2157 
-2157 7735 1624 137 180 508 2 -2159 309 
509 7596 1804 55 144 -2158 508 -2215 -2214 
-2158 4145 1804 3451 7 321 -1527 -2160 509 
-2159 7651 1804 818 24 509 508 -2163 64 
-2160 5437 1811 2159 137 213 -2158 -2215 509 
-2163 7651 1828 1839 106 509 -2159 -2214 522 
510 1752 6978 796 182 -1634 599 -1500 600 
-2171 1706 7140 46 20 495 -1634 -2131 510 
511 658 1455 58 192 485 39 -2298 -2173 
-2173 716 1455 43 192 511 39 -2298 586 
512 8696 361 79 100 411 239 -1395 406 
-2175 8071 406 625 55 238 -1872 -1395 512 
513 9069 538 255 44 220 491 -2271 -2176 
-2176 9324 538 676 44 513 373 526 v 
514 658 8821 630 266 -2268 -1606 168 259 
515 4623 8724 355 20 -2180 557 297 399 
-2180 3619 8724 1004 20 468 -829 -1451 515 
516 854 1245 111 70 42 561 -1799 -2181 
-2181 965 1245 106 70 516 561 -1799 252 
-2182 1594 643 441 50 76 381 -2184 61 
517 1981 693 22 256 -2183 -2182 -1975 -2184 
-2183 1594 693 387 32 76 -2182 -2185 517 
-2184 2003 693 32 256 517 -2182 -1975 148 
-2185 1941 725 40 224 395 -2183 -1975 517 
518 657 213 184 230 260 453 -1454 298 
519 1235 7561 364 109 74 167 541 -2189 
-2189 1599 7666 509 260 519 274 292 214 
520 476 618 149 78 201 -2100 -2212 490 
521 4542 6953 264 220 446 562 304 -2190 
-2190 4806 6953 150 220 521 562 304 372 
522 9490 1879 486 55 -2163 21 -1299 526 
523 7561 6359 79 109 82 222 230 -1039 
524 9876 9910 89 73 155 530 -1616 507 
525 0 9072 418 15 v -1566 168 -2268 
526 9976 582 24 1352 573 -2176 -1299 v 
527 5637 646 460 388 368 7 -2205 -2296 
-2200 5541 804 96 230 241 368 -2205 527 
528 8376 538 546 44 -2202 132 -2271 220 
-2202 8233 538 143 44 195 132 84 528 
529 815 830 157 59 279 75 240 -2203 
-2203 972 830 139 59 529 -2022 438 311 
530 9876 9853 89 57 155 310 524 507 
531 1599 4999 252 50 167 -1653 235 192 
532 7957 7405 181 529 -2263 -1372 369 149 
533 6780 1034 642 55 -2205 -2296 73 30 
-2205 5541 1034 1239 109 241 -2200 -1007 73 
534 8071 0 625 350 537 v 411 239 
-2207 8696 0 90 215 534 v -2209 219 
-2209 8696 215 427 62 534 -2207 -2210 205 
-2210 8696 277 623 2 534 -2209 -1430 179 
535 1250 1194 105 121 561 -705 -1799 136 
536 84 696 208 38 405 211 506 -2212 
-2212 292 696 333 38 536 272 506 490 
537 7760 0 311 159 5 v 238 534 
538 8023 3452 1716 1083 67 118 186 -2213 
-2213 9739 3452 261 1083 538 118 186 v 
539 9508 1934 62 135 -2214 522 -1159 57 
-2214 7651 1934 1857 14 509 -2163 -2215 539 
-2215 6904 1948 2604 121 221 -2160 -1159 539 
540 1941 1246 94 120 -1976 447 44 148 
541 0 7670 1599 504 v 74 276 -2219 
-2219 1599 8109 2515 192 541 292 -2077 483 
542 8545 8125 156 75 563 316 386 -2221 
-2221 8701 8125 859 206 542 -1512 101 475 
543 9272 7453 179 152 412 -1585 157 162 
-2222 9815 6353 185 881 270 200 -2223 v 
544 9815 7234 152 509 193 -2222 51 -2223 
-2223 9967 7234 33 509 544 -2222 51 v 
545 3461 8773 135 53 -2225 574 209 468 
-2225 3162 8773 299 53 11 574 -1068 545 
546 7450 8586 55 138 203 -2251 285 299 
547 8786 659 704 554 84 -2271 312 573 
-2229 9490 1347 486 291 312 573 396 526 
548 1342 637 181 89 351 -2134 283 76 
549 1817 1287 28 216 393 -1976 -978 -2231 
-2231 1845 1287 96 216 549 -1976 -978 44 
-2232 854 1392 963 12 42 -1799 -2234 549 
-2234 1523 1404 294 99 96 -2232 -978 549 
550 9687 7743 79 981 301 133 415 -2242 
-2236 9766 7743 178 505 550 133 -2242 458 
-2237 9560 7934 127 142 93 431 -2239 550 
-2239 8633 8076 1054 28 316 -1508 47 550 
-2242 9766 8248 234 476 550 -2236 415 v 
551 2304 6869 244 109 -2317 349 510 600 
552 1050 726 177 40 225 -2109 463 283 
553 1523 744 35 151 283 76 423 -2246 
-2245 1558 744 156 68 553 76 -2246 320 
-2246 1558 812 362 83 553 -2245 -1902 395 
554 395 538 146 67 344 260 -2100 -2247 
-2247 541 538 84 67 554 260 -2100 490 
555 9365 5538 322 42 3 18 480 200 
556 3913 7405 96 54 -2249 271 -913 140 
-2249 3744 7405 169 32 433 271 -2250 556 
-2250 3290 7437 623 22 171 -1938 -913 556 
557 4541 8313 2094 411 152 -2074 -1630 203 
558 7505 8072 15 515 68 277 299 81 
-2251 7450 8388 55 198 280 100 546 558 
-2252 6563 8988 524 29 278 -1625 -2254 346 
559 6645 9017 286 72 -2253 -2252 15 -2254 
-2253 6563 9017 82 72 278 -2252 15 559 
-2254 6931 9017 156 165 559 -2252 -1628 346 
560 1294 2136 229 50 -2255 -2321 237 -2258 
-2255 1217 2136 77 119 109 -2321 413 326 
-2258 1523 2183 74 72 560 -2322 413 352 
561 854 1194 396 51 42 -705 252 535 
562 4316 6905 497 48 -2259 -1707 -2190 38 
-2259 3991 6905 325 98 49 -1707 228 446 
563 7848 8125 697 163 -2260 -1703 465 386 
-2260 7784 8125 64 206 17 -1703 598 465 
564 3260 881 220 506 148 33 266 -2262 
-2261 3480 881 861 332 564 33 -2262 41 
-2262 3480 1213 1611 174 564 -2261 -1951 315 
565 4508 8938 470 53 190 94 268 399 
-2263 7871 7405 86 386 478 -1372 566 532 
566 7888 7791 69 143 -2264 -2263 369 532 
-2264 7871 7791 17 143 478 -2263 -1703 566 
567 3684 7007 307 149 16 204 -2007 228 
568 0 1527 37 213 v 356 177 -2266 
-2266 37 1608 57 132 568 -1754 -934 245 
569 5154 357 132 50 -2267 206 253 486 
-2267 2645 357 2509 50 141 -1060 253 569 
570 386 8724 32 166 181 -829 332 -2268 
-2268 418 8821 240 266 570 362 168 514 
571 9640 266 123 272 144 585 -2176 250 
572 6841 1948 29 177 65 -2160 -1911 221 
573 9490 582 486 765 -2271 -2176 -2229 526 
-2271 8786 582 704 77 84 528 547 573 
574 3162 8724 434 49 11 -829 545 468 
575 2824 582 336 299 -2272 504 148 33 
-2272 2618 582 206 299 338 504 148 575 
-2273 3160 582 30 254 575 504 33 233 
576 70 1027 254 74 -585 451 336 -1985 
577 4009 7579 92 87 588 -2305 214 -2280 
-2280 4101 7579 59 87 577 -2305 214 156 
578 1676 7338 76 67 79 495 274 -2281 
-2281 1752 7338 143 67 578 -2131 274 314 
579 0 9430 1553 570 v 50 v 163 
-2282 3360 9273 1725 38 444 -2144 -2284 503 
580 4445 9311 533 99 -2283 -2282 402 145 
-2283 3360 9311 1085 99 444 -2282 378 580 
-2284 4978 9311 107 89 580 -2282 145 503 
581 6661 7405 24 529 494 143 -1921 -2286 
-2286 6685 7641 92 293 581 52 -1921 267 
-2287 6542 7679 119 64 333 -2125 -2289 581 
-2289 6626 7743 35 191 95 -2287 430 581 
582 3991 6869 325 19 49 371 -1707 -1705 
-2293 7051 5049 871 200 293 -1556 -2294 331 
583 7051 5249 589 171 293 -2293 87 -2294 
-2294 7640 5249 282 215 583 -2293 -486 154 
584 7262 646 78 142 -2295 7 391 287 
-2295 6346 646 916 68 72 7 -2296 584 
-2296 6097 714 1165 320 527 183 533 391 
585 9640 215 123 51 144 317 571 250 
586 759 1537 72 203 -2173 103 -1908 318 
-2298 522 1647 237 51 32 -2089 441 586 
-2299 663 1187 168 140 374 -1718 587 42 
587 759 1327 72 86 -2300 -2299 103 42 
-2300 663 1327 96 66 374 -2299 39 587 
-2301 3290 7511 925 33 171 -913 -2303 137 
588 3503 7544 506 122 -2302 -2301 214 577 
-2302 3290 7544 213 122 171 -2301 214 588 
-2303 4009 7544 206 10 588 -2301 156 137 
-2305 4009 7554 151 25 588 -2303 -2280 156 
589 1863 538 115 44 445 -2153 -1761 -2307 
-2307 1978 538 165 44 589 -2153 14 116 
590 1111 1775 412 269 13 -881 -2321 -2320 
591 2285 8938 107 149 489 323 -1836 462 
592 7613 8331 50 115 81 17 457 598 
593 4940 0 952 282 119 v 28 -2312 
594 7073 9580 51 403 -2311 408 456 313 
-2311 7040 9580 33 403 416 408 456 594 
595 6919 159 1004 379 -2312 5 48 113 
-2312 5892 159 1027 166 593 359 -2313 595 
-2313 5588 325 1331 164 31 256 -2314 595 
-2314 5892 489 1027 49 325 -2313 -1349 595 
596 1299 538 224 49 366 -2153 488 76 
597 2343 582 29 299 350 504 148 338 
598 7663 8331 566 393 592 17 285 188 
-2315 7613 8576 50 148 81 457 285 598 
599 1752 6869 209 109 -1634 349 510 -2317 
-2317 1961 6869 343 109 599 349 510 551 
600 2548 6869 794 291 551 371 -1500 69 
601 731 922 231 121 -1728 240 -1673 476 
602 1760 1931 64 324 -1791 392 413 59 
-2320 1523 2009 237 35 590 60 -2321 602 
-2321 1001 2044 759 92 435 13 -2322 602 
-2322 1523 2136 237 47 560 -2321 352 602 
