20
10000 10000
-1 0 8965 10000 1035 v -16 v v 
-3 0 159 10000 1054 v -19 -7 v 
1 5660 1213 1010 591 -4 -3 -11 -5 
-4 0 1213 5660 591 v -3 -11 1 
-5 6670 1624 3330 180 1 -8 -11 v 
-7 6670 1213 3330 119 1 -3 -9 v 
2 7735 1332 80 292 -8 -7 -5 -9 
-8 6670 1332 1065 292 1 -7 -5 2 
-9 7815 1332 2185 292 2 -7 -5 v 
-11 0 1804 10000 3700 v -4 -13 v 
3 8903 5504 462 68 -12 -11 -15 -13 
-12 0 5504 8903 68 v -11 -15 3 
-13 9365 5504 635 68 3 -11 -15 v 
-15 0 5572 10000 3366 v -12 -17 v 
4 2392 8938 217 27 -16 -15 -1 -17 
-16 0 8938 2392 27 v -15 -1 4 
-17 2609 8938 7391 27 4 -15 -1 v 
5 6282 0 1478 159 -19 v -3 -20 
-19 0 0 6282 159 v v -3 5 
-20 7760 0 2240 159 5 v -3 v 
