447
10000 10000
1 5660 1213 1010 591 -802 -398 -745 -5 
-5 6670 1624 3330 180 1 -544 -339 v 
2 7735 1332 80 292 -544 99 -5 -547 
3 8903 5504 462 68 -488 -486 -857 -154 
4 2392 8938 217 27 -16 -526 -711 -710 
-16 0 8938 2392 27 v -526 -711 4 
5 6282 0 1478 159 -644 v -649 -410 
6 4316 7261 640 122 -377 -771 -775 -773 
7 5637 588 1785 58 -101 -125 -396 30 
8 9746 0 143 175 77 v -615 -31 
-31 9889 124 111 51 8 78 -615 v 
9 8248 5892 1117 25 -853 -851 -855 -37 
-37 9365 5892 635 25 9 -851 -855 v 
10 5015 7584 233 350 -722 12 -820 54 
11 3041 8724 121 131 -361 -829 -392 71 
-44 0 8843 3041 12 v -360 -392 11 
12 4941 7405 307 179 137 -775 10 -249 
13 486 1775 625 269 -786 -318 -591 -294 
-51 0 1969 486 75 v -652 -591 13 
14 2035 582 257 56 -409 -630 -328 -177 
15 6563 9089 368 93 -462 -452 70 -275 
16 3623 6869 61 236 104 -761 -771 -769 
17 7613 8125 171 206 81 -429 -551 -72 
-72 7784 8232 2216 99 17 -227 -552 v 
18 9365 5509 322 29 3 36 -153 -158 
19 4663 1014 236 46 41 -182 -397 -132 
20 2527 7368 815 14 83 -440 -445 69 
21 9490 1860 486 19 -220 -216 -282 -87 
-87 9976 1860 24 19 21 -216 -282 v 
22 2035 2027 77 98 -670 -750 -756 -754 
23 6312 8724 63 130 -448 -826 -452 -263 
24 4721 582 423 397 43 -690 -182 -128 
-101 5144 588 493 58 24 -125 -395 7 
25 882 1418 190 322 -195 -534 -318 -516 
26 506 0 151 58 -111 v -479 -477 
-111 0 0 506 58 v v -479 26 
27 8970 2163 356 18 -568 -350 -570 -116 
-116 9326 2163 674 18 27 -350 -570 v 
28 5729 282 163 43 -138 -649 -620 -618 
29 4663 582 38 397 41 -690 -182 43 
30 7422 582 774 631 -125 -690 90 84 
-125 5144 582 2278 6 24 -690 7 30 
-128 5144 714 2278 265 24 -395 -182 30 
-132 4899 1014 2523 46 19 -182 -397 30 
31 5560 282 28 207 -739 -649 -624 -620 
-138 5588 282 141 43 31 -649 -620 28 
-141 0 1537 882 71 v -563 -143 25 
32 273 1608 249 132 -142 -141 -318 -143 
-142 0 1608 273 132 v -141 -318 32 
-143 522 1608 360 132 32 -141 -318 25 
33 3160 836 985 45 -499 -493 -792 -179 
34 9719 9783 30 200 -582 -863 -474 -840 
-153 9365 5538 635 33 3 18 35 v 
35 9877 5571 123 287 -154 -153 -851 v 
-154 9365 5571 512 1 3 -153 -857 35 
36 9365 5431 322 78 154 -836 18 -158 
-158 9687 5431 313 107 36 -836 -153 v 
37 9495 8724 224 123 -161 101 56 -422 
-161 6375 8724 3120 123 23 -826 56 37 
38 4813 6905 143 48 -236 -763 -767 -765 
39 625 1393 134 62 -169 -188 -563 103 
-169 0 1393 625 62 v -188 -563 39 
40 3895 3481 2620 1518 -831 -642 121 63 
41 4341 582 322 631 -177 131 -802 -398 
-177 2292 582 2049 56 14 116 -328 41 
-179 4145 836 196 45 33 -493 -792 41 
-182 4663 979 2759 35 41 29 -132 30 
42 831 1043 23 438 -188 -679 -565 -195 
-188 0 1043 831 350 v -679 -562 42 
-195 854 1418 28 63 42 -534 -565 25 
43 4701 582 20 397 29 -690 -182 24 
44 1941 1366 94 493 -533 -803 -748 -742 
45 6877 7792 315 142 -532 -808 -820 -812 
46 4603 1811 63 189 -747 -745 125 -729 
-216 4666 1828 5334 32 46 -340 -87 v 
-220 4666 1860 4824 19 46 -216 -282 21 
47 9640 8104 47 128 -261 -259 -72 -226 
-226 9687 8104 313 128 47 -259 -72 v 
-227 7784 8125 1856 107 17 -429 -72 47 
48 7893 538 187 44 -690 -624 30 -231 
-231 8080 538 1920 44 48 -692 -446 v 
49 3891 6869 100 138 -233 -761 -769 -767 
-233 3684 6869 207 138 16 -761 -769 49 
-236 3991 6905 822 48 49 -763 -767 38 
50 0 9087 324 343 v -711 -870 -783 
51 9944 7743 56 188 -809 -696 -604 v 
52 6685 7405 31 236 -249 143 -559 -557 
-249 5248 7405 1437 236 12 -775 -559 52 
53 205 2188 304 28 -253 -818 -669 -668 
-253 0 2188 205 28 v -818 -669 53 
-255 5248 7837 1629 2 10 -529 -256 45 
54 5248 7839 72 95 10 -255 -820 -256 
-256 5320 7839 1557 95 54 -255 -820 45 
55 7933 8103 508 22 -429 -427 -227 -261 
-259 8441 8103 1559 1 55 -427 -226 v 
-261 8441 8104 1199 21 55 -259 -227 47 
56 8797 8847 922 894 -263 -161 -863 -861 
-263 6375 8847 2422 7 23 -161 -452 56 
-275 6931 9089 1866 93 15 -452 -385 56 
-282 4666 1879 5334 55 46 -220 -284 v 
57 9570 1934 163 135 -342 -282 -350 -284 
-284 9733 1934 267 135 57 -282 -350 v 
58 8641 2218 329 37 105 -570 -641 -292 
-292 8970 2218 1030 37 58 -570 -641 v 
59 1824 1931 53 324 -325 -748 -641 -671 
-294 1111 2009 713 35 13 -320 -591 59 
60 1523 1739 165 270 -516 92 -294 -325 
-317 1688 1739 253 120 60 92 -748 44 
-318 0 1740 1523 35 v -142 -320 60 
-320 1111 1775 412 234 13 -318 -294 60 
-325 1688 1931 136 78 60 -748 -294 59 
61 2035 638 190 110 -409 14 -638 -328 
-328 2225 638 2116 110 61 14 -638 41 
62 1401 1447 122 96 -536 96 123 -535 
63 6515 3452 316 1547 -642 118 -655 -362 
64 8469 1804 435 24 -745 -5 -216 -339 
-339 8904 1804 1096 24 64 -5 -216 v 
-340 4666 1811 3803 17 46 -745 -216 64 
-342 4666 1934 4904 14 46 -282 -344 57 
65 6422 1948 419 307 -728 -342 -641 -567 
-344 6841 1948 2729 121 65 -342 -350 57 
-350 6841 2069 3159 94 65 -344 -116 v 
66 2141 8724 103 69 -360 -829 122 -361 
-360 0 8724 2141 119 v -829 -44 122 
-361 2244 8724 797 119 66 -829 -44 11 
67 7998 3452 25 1547 -362 118 -655 -363 
-362 6831 3452 1167 1547 63 118 -655 67 
-363 8023 3452 1977 1547 67 118 -655 v 
68 7450 7934 55 260 -820 -812 100 -426 
69 3342 6967 250 438 -438 -566 -732 -775 
-377 3592 7261 724 122 69 -771 -775 6 
70 6577 9182 463 324 -464 15 -579 -385 
-385 7040 9182 1757 324 70 -275 -579 56 
71 3162 8826 162 88 11 -707 -526 -524 
-392 0 8855 3162 59 v -44 -526 71 
72 6264 646 82 68 -395 7 -128 -396 
-395 5144 646 1120 68 24 -101 -128 72 
-396 6346 646 1076 68 72 7 -128 30 
-397 4663 1060 2759 29 41 19 73 30 
73 6780 1089 642 124 -398 -397 -544 30 
-398 4663 1089 2117 124 41 -397 -544 73 
74 0 7561 1235 109 v -844 -723 -720 
75 737 765 190 65 -633 117 -814 -640 
76 1523 582 71 162 -606 -630 -636 -409 
-409 1594 582 441 162 76 -630 -636 61 
77 9701 0 45 175 -410 v -615 8 
-410 7760 0 1941 159 5 v -613 77 
-413 9889 0 111 58 8 v 78 v 
78 9889 58 111 66 8 -413 -31 v 
79 1599 7338 77 67 -415 -439 -732 -441 
-415 0 7338 1599 67 v -439 -732 79 
-422 9719 8724 281 239 37 -552 80 v 
80 9871 8963 129 103 -423 -422 -860 v 
-423 9719 8963 152 103 56 -422 -860 80 
81 7520 8072 93 515 -426 -519 -826 -551 
-426 7505 8072 15 316 68 -519 -824 81 
-427 7613 8076 2387 27 81 -521 -259 v 
-429 7613 8103 320 22 81 -427 -227 55 
-435 0 6307 10000 52 v -542 -437 v 
82 7090 6359 471 109 -436 -435 -760 -437 
-436 0 6359 7090 109 v -435 -760 82 
-437 7561 6359 2439 109 82 -435 -760 v 
-438 0 6967 3342 283 v -566 -440 69 
83 2255 7250 272 155 -439 -438 -732 -445 
-439 0 7250 2255 88 v -438 -441 83 
-440 2527 7250 815 118 83 -438 20 69 
-441 1676 7338 579 67 79 -439 -732 83 
-445 2527 7382 815 23 83 20 -732 69 
84 8196 582 590 631 30 -231 90 -446 
-446 8786 582 1214 631 84 -231 -510 v 
85 5470 8724 434 1276 135 -826 v -474 
-448 5904 8724 408 130 85 -826 -452 23 
-452 5904 8854 2893 235 85 -448 -275 56 
-462 5904 9089 659 93 85 -452 -464 15 
-464 5904 9182 673 324 85 -462 -579 70 
-474 5904 9983 4096 17 85 107 v v 
86 2764 42 2026 79 -477 -643 -735 119 
-477 657 42 2107 16 26 -643 -479 86 
-479 0 58 2764 63 v -111 -735 86 
87 7051 5420 589 314 -483 -835 158 -490 
-483 0 5420 7051 314 v -835 -848 87 
-486 7640 5464 1725 40 87 -837 3 36 
-488 7640 5504 1263 68 87 -486 -857 3 
-490 7640 5699 2237 159 87 -858 -851 35 
88 2292 751 51 130 -640 -638 148 -499 
-493 2343 751 1998 85 88 -638 -179 41 
-499 2343 836 817 45 88 -493 148 33 
89 9473 215 42 206 -617 -615 -780 -778 
90 7889 1213 1030 55 -545 30 -547 -510 
-510 8919 1213 1081 55 90 -446 -547 v 
-512 0 5049 10000 151 v -865 -514 v 
91 9365 5200 322 26 -513 -512 -834 -514 
-513 0 5200 9365 26 v -512 -834 91 
-514 9687 5200 313 26 91 -512 -834 v 
-515 1072 1638 869 44 25 -536 -517 44 
92 1523 1682 237 57 -516 -515 -317 -517 
-516 1072 1682 451 58 25 -515 -318 60 
-517 1760 1682 181 57 92 -515 -317 44 
93 9334 7934 226 142 -519 -811 -427 -520 
-519 7505 7934 1829 138 68 -812 -521 93 
-520 9560 7934 440 142 93 -811 -427 v 
-521 7613 8072 1721 4 81 -519 -427 93 
94 4354 8898 472 40 -524 -708 -710 -709 
-524 3324 8898 1030 16 71 -708 -526 94 
-526 0 8914 4354 24 v -392 -710 94 
95 6542 7743 84 94 -529 -627 -255 -532 
-529 5248 7743 1294 94 10 -627 -255 95 
-532 6626 7792 251 45 95 -808 -255 45 
-533 854 1366 1087 38 42 -803 -535 44 
96 1401 1404 122 43 -534 -533 62 -535 
-534 854 1404 547 14 42 -533 -536 96 
-535 1523 1404 418 234 96 -533 -515 44 
-536 1072 1418 329 220 25 -534 -515 123 
97 4790 489 230 49 -741 -739 -690 -624 
-538 0 518 4790 20 v -736 -690 97 
98 5067 6073 2573 234 -542 -848 -435 -855 
-542 0 6073 5067 234 v -848 -435 98 
99 7735 1213 80 119 -544 30 2 -547 
-544 6670 1213 1065 411 1 -398 -5 2 
-545 7815 1213 74 55 99 30 -547 90 
-547 7815 1268 2185 356 99 -545 -5 v 
100 7450 8194 55 194 -820 68 -824 -426 
101 9191 8331 496 393 -551 -72 37 -552 
-551 7613 8331 1578 256 81 17 -826 101 
-552 9687 8331 313 393 101 -72 -422 v 
102 8652 7605 275 38 -557 -866 -699 -846 
-557 6716 7605 1936 36 52 -866 -559 102 
-559 5248 7641 3404 2 10 -249 114 102 
-562 759 1393 72 20 39 -188 103 42 
103 759 1413 72 124 39 -562 -141 -565 
-563 0 1455 759 82 v -169 -141 103 
-565 831 1481 51 56 103 42 -141 25 
104 3592 6869 31 236 -566 -761 -771 16 
-566 0 6869 3592 98 v -761 69 104 
105 8469 2163 172 92 -567 -350 -641 58 
-567 6841 2163 1628 92 65 -350 -641 105 
-568 8641 2163 329 18 105 -350 -570 27 
-570 8641 2181 1359 37 105 -568 -292 v 
106 4401 2000 212 152 -753 -747 -759 125 
-579 5904 9506 2893 132 85 -464 -580 56 
107 5904 9638 146 345 85 -579 -474 -582 
-580 6050 9638 2747 103 107 -579 -863 56 
-582 6050 9783 3669 200 107 -863 -474 34 
108 70 786 74 139 -585 -633 -679 -677 
-585 0 786 70 139 v -633 -679 108 
-586 144 786 593 44 108 -633 -814 75 
-591 0 2044 1824 92 v -51 -593 59 
109 1153 2136 64 119 -819 -591 -641 -593 
-593 1217 2136 607 119 109 -591 -641 59 
110 9630 7777 57 157 -811 -809 -520 -604 
-600 9687 7777 257 154 110 -809 -604 51 
-604 9687 7931 313 3 110 -600 -520 v 
-606 0 582 1523 37 v -630 -629 76 
111 737 619 121 87 -607 -606 -632 115 
-607 0 619 737 87 v -606 -632 111 
112 8351 7405 205 48 -610 -762 -866 -611 
-610 6716 7405 1635 48 52 143 -866 112 
-611 8556 7405 1444 48 112 -762 -867 v 
113 7923 159 130 379 -649 -410 48 -692 
-613 8053 159 1648 16 113 -410 -615 77 
-615 8053 175 1947 40 113 -613 -779 v 
-617 8053 215 1420 206 113 -615 -780 89 
-618 5892 282 2031 43 28 -649 -620 113 
-620 5588 325 2335 164 31 -138 -624 113 
-624 5020 489 2903 49 97 -739 48 113 
114 8138 7643 553 19 -627 -559 149 -699 
-627 5248 7643 2890 100 10 -559 -808 149 
115 858 619 173 87 111 -606 -632 -629 
-629 1031 619 492 87 115 -606 -632 76 
116 2143 538 188 44 -630 -538 -177 -689 
-630 0 538 2143 44 v -538 14 116 
-632 0 706 1523 20 v -607 -634 76 
117 737 726 190 39 -633 -632 75 -640 
-633 0 726 737 60 v -632 -586 75 
-634 927 726 596 18 117 -632 -636 76 
-636 927 744 1108 4 117 -634 -638 61 
-638 927 748 3414 3 117 -636 -493 41 
-640 927 751 1365 79 117 -638 -815 88 
-641 0 2255 10000 623 v -669 118 v 
118 6515 2878 3485 574 -642 -641 -363 v 
-642 0 2878 6515 603 v -641 40 63 
119 4790 0 150 282 -643 v -739 -649 
-643 657 0 4133 42 26 v 86 119 
-644 4940 0 1342 159 119 v -649 5 
-649 4940 159 2983 123 119 -644 -618 113 
-651 0 1845 486 59 v -787 120 13 
120 215 1904 271 65 -652 -651 -51 13 
-652 0 1904 215 65 v -651 -51 120 
121 6282 4999 335 50 161 40 -512 -655 
-655 6617 4999 3383 50 121 63 -512 v 
122 2141 8793 103 50 -360 66 -44 -361 
123 1401 1543 122 95 -536 62 -515 -535 
124 3854 1387 124 201 -664 -802 142 -665 
-664 2035 1387 1819 201 44 148 142 124 
-665 3978 1387 1682 417 124 -802 -745 1 
125 4613 2000 767 152 106 46 -759 -730 
126 1036 2193 117 62 -668 -819 -641 109 
-668 509 2193 527 23 53 -687 -669 126 
-669 0 2216 1036 39 v -253 -641 126 
-670 1877 2027 158 32 59 -750 127 22 
127 1941 2059 94 196 -671 -670 -641 -756 
-671 1877 2059 64 196 59 -670 -641 127 
128 1478 889 45 154 -677 150 -795 -817 
-677 144 889 1334 36 108 -814 -679 128 
-679 0 925 1478 118 v -585 -795 128 
129 0 8665 1599 52 v -821 -829 -827 
130 768 2166 262 27 -818 151 -668 -819 
-687 509 2188 259 5 53 -818 -668 130 
131 4227 538 144 44 -689 -538 41 -690 
-689 2331 538 1896 44 116 -538 -177 131 
-690 4371 538 3522 44 131 -538 30 48 
-691 8053 462 1947 39 113 -780 -693 v 
132 8218 501 232 37 -692 -691 -231 -693 
-692 8053 501 165 37 113 -691 -231 132 
-693 8450 501 1550 37 132 -691 -231 v 
133 9687 7588 128 155 -869 -867 -809 -696 
-696 9815 7588 185 155 133 -867 51 v 
-699 8691 7643 996 100 114 102 -809 133 
134 1361 1071 110 123 147 -795 -799 -797 
-705 854 1183 507 11 42 -790 136 134 
135 5126 8724 344 1276 -707 -826 v 85 
-707 3162 8724 1964 102 11 -829 -708 135 
-708 3324 8826 1802 72 71 -707 -709 135 
-709 4826 8898 300 40 94 -708 -710 135 
-710 2609 8938 2517 27 4 -526 -711 135 
-711 0 8965 5126 122 v -16 -782 135 
136 1355 1194 77 121 -715 -705 -803 -799 
-715 854 1194 501 121 42 -705 -803 136 
137 4215 7405 726 529 -733 -775 -820 -722 
-720 1235 7666 2980 4 74 -845 -723 137 
-722 4941 7584 74 350 137 12 -820 10 
-723 0 7670 4215 264 v 74 -820 137 
138 4978 9603 52 397 -871 145 v -727 
-727 5030 9603 96 397 138 145 v 135 
-728 4666 1948 1756 14 46 -342 -730 65 
139 5096 1962 284 38 -729 -728 125 -730 
-729 4666 1962 430 38 46 -728 125 139 
-730 5380 1962 1042 190 139 -728 -759 65 
140 4009 7405 92 106 -732 -775 -843 -733 
-732 0 7405 4009 106 v -415 -843 140 
-733 4101 7405 114 106 140 -775 -843 137 
-735 0 121 4790 107 v -479 -737 119 
141 1773 228 872 290 -736 -735 -538 -741 
-736 0 228 1773 290 v -735 -538 141 
-737 2645 228 2145 54 141 -735 -739 119 
-739 2645 282 2915 207 141 -737 -624 31 
-741 2645 489 2145 29 141 -739 -538 97 
142 3077 1588 901 667 -742 -664 -641 -759 
-742 2035 1588 1042 271 44 -664 -748 142 
-745 3978 1804 4491 7 142 -665 -340 64 
-747 3978 1811 625 189 142 -745 106 46 
-748 1688 1859 1389 72 60 -317 -750 142 
-750 1877 1931 1200 96 59 -748 -754 142 
-753 3978 2000 423 152 142 -747 -759 106 
-754 2112 2027 965 98 22 -750 -756 142 
-756 2035 2125 1042 130 127 22 -641 142 
-759 3978 2152 2444 103 142 -753 -641 65 
-760 0 6468 10000 393 v -436 -762 v 
143 6088 6861 768 544 -761 -760 -610 -762 
-761 0 6861 6088 8 v -760 -763 143 
-762 6856 6861 3144 544 143 -760 -611 v 
-763 3991 6869 2097 36 49 -761 -765 143 
-765 4956 6905 1132 48 38 -763 -767 143 
-767 3991 6953 2097 54 49 -236 -769 143 
-769 3684 7007 2404 98 16 -233 -771 143 
-771 3592 7105 2496 156 69 104 -773 143 
-773 4956 7261 1132 122 6 -771 -775 143 
-775 3592 7383 2496 22 69 -377 -249 143 
144 9610 215 30 247 -778 -615 -691 -779 
-778 9515 215 95 206 89 -615 -780 144 
-779 9640 215 360 247 144 -615 -691 v 
-780 8053 421 1557 41 113 -617 -691 144 
-782 324 9087 4802 313 50 -711 145 135 
145 4978 9400 148 203 -783 -782 -727 135 
-783 324 9400 4654 30 50 -782 -871 145 
-786 0 1775 486 24 v -318 -788 13 
146 134 1799 142 46 -787 -786 -651 -788 
-787 0 1799 134 46 v -786 -651 146 
-788 276 1799 210 46 146 -786 -651 13 
147 1272 1071 89 112 -790 -795 -705 134 
-790 854 1071 418 112 42 -795 -705 147 
148 2035 881 1225 506 -817 -815 -664 -802 
-792 3260 881 1081 332 148 33 -802 41 
-795 854 1043 1181 28 42 -679 -797 148 
-797 1471 1071 564 123 134 -795 -799 148 
-799 1432 1194 603 121 136 134 -803 148 
-802 3260 1213 2400 174 148 -792 -665 1 
-803 854 1315 1181 51 42 -715 44 148 
149 8138 7662 553 272 -627 114 -519 -811 
-808 6626 7743 1512 49 95 -627 -812 149 
-809 8691 7743 1253 34 149 -699 -600 51 
-811 8691 7777 939 157 149 -809 -520 110 
-812 7192 7792 946 142 45 -808 -519 149 
150 1398 830 125 59 -814 -640 128 -817 
-814 144 830 1254 59 108 -586 -677 150 
-815 1523 830 769 51 150 -640 148 88 
-817 1523 881 512 162 150 -815 -795 148 
151 768 2136 262 30 -818 -591 130 -819 
-818 0 2136 768 52 v -591 -687 130 
-819 1030 2136 123 57 151 -591 126 109 
-820 0 7934 7450 379 v -723 -822 100 
152 4215 8313 326 411 -821 -820 -707 -826 
-821 0 8313 4215 352 v -820 -827 152 
-822 4541 8313 2909 75 152 -820 -824 100 
-824 4541 8388 2979 199 152 -822 -826 81 
-826 4541 8587 4650 137 152 -824 -161 101 
-827 1599 8665 2616 52 129 -821 -829 152 
-829 0 8717 4215 7 v 129 -707 152 
-831 0 3481 3895 1179 v -642 153 40 
153 2951 4660 944 339 -832 -831 -865 40 
-832 0 4660 2951 339 v -831 -865 153 
-834 0 5226 10000 127 v -513 -836 v 
154 7922 5353 1443 111 -835 -834 -486 36 
-835 0 5353 7922 67 v -834 -837 154 
-836 9365 5353 635 78 154 -834 -158 v 
-837 7640 5420 282 44 87 -835 -486 154 
155 9812 9783 64 200 -840 -863 -474 -862 
-840 9749 9783 63 200 34 -863 -474 155 
-843 0 7511 4215 43 v -732 156 137 
156 4160 7554 55 112 -844 -843 -720 137 
-844 0 7554 4160 7 v -843 -845 156 
-845 1235 7561 2925 105 74 -844 -720 156 
157 9090 7605 540 38 -846 -866 -699 -869 
-846 8927 7605 163 38 102 -866 -699 157 
158 7482 5734 158 339 -848 87 98 -855 
-848 0 5734 7482 339 v -483 98 158 
-851 7640 5858 2360 34 158 -490 -37 v 
-853 7640 5892 608 25 158 -851 -855 9 
-855 7640 5917 2360 390 158 -853 -435 v 
-857 7640 5572 2237 90 87 -488 -859 35 
159 9365 5662 322 37 -858 -857 -490 -859 
-858 7640 5662 1725 37 87 -857 -490 159 
-859 9687 5662 190 37 159 -857 -490 35 
-860 9719 9066 281 239 56 -423 -862 v 
160 9824 9305 52 478 -861 -860 155 -862 
-861 9719 9305 105 436 56 -860 -863 160 
-862 9876 9305 124 678 160 -860 -474 v 
-863 6050 9741 3774 42 107 -580 155 160 
161 6122 4999 160 50 -865 40 -512 121 
-865 0 4999 6122 50 v -832 -512 161 
162 9451 7453 179 152 -866 -611 157 -869 
-866 6716 7453 2735 152 52 -610 157 162 
-867 9630 7453 370 135 162 -611 -696 v 
-869 9630 7588 57 55 162 -867 -699 133 
163 1553 9430 1013 570 -870 -783 v -871 
-870 0 9430 1553 570 v 50 v 163 
-871 2566 9430 2412 570 163 -783 v 138 
