731
10000 10000
1 5660 1213 1010 591 315 196 -1528 -1484 
2 7735 1332 80 292 -544 99 -1484 -1481 
3 8903 5504 462 68 -488 -486 -1033 -1030 
4 2392 8938 217 27 -1129 323 -1131 -983 
5 6282 0 1478 159 227 v -649 -1147 
6 4316 7261 640 122 -377 -1468 -1341 251 
7 5637 588 1785 58 -1462 300 287 30 
8 9746 0 143 175 77 v 258 -31 
-31 9889 124 111 51 8 78 258 v 
9 8248 5892 1117 25 -853 -858 -1258 246 
10 5015 7584 233 350 -722 12 -1423 54 
11 3041 8724 121 131 -361 -829 -1530 71 
12 4941 7405 307 179 137 -1343 10 -1535 
13 486 1775 625 269 -938 -936 -975 -294 
14 2035 582 257 56 -946 -630 -1206 -1166 
15 6563 9089 368 93 278 -1388 70 -1391 
16 3623 6869 61 236 104 -893 -1187 -1185 
17 7613 8125 171 206 81 -429 -976 -72 
-72 7784 8232 2216 99 17 -1281 -552 v 
18 9365 5509 322 29 3 36 -1030 200 
19 4663 1014 236 46 41 -1108 -1112 -1110 
20 2527 7368 815 14 83 -440 -445 69 
21 9490 1860 486 19 -1093 -1091 -1095 -87 
-87 9976 1860 24 19 21 -1091 -1095 v 
22 2035 2027 77 98 289 -1408 -756 -754 
23 6312 8724 63 130 -1573 -1050 255 198 
24 4721 582 423 397 43 210 -1108 215 
25 882 1418 190 322 -195 -1063 -881 -980 
26 506 0 151 58 231 v -1012 -1008 
27 8970 2163 356 18 -568 -350 -570 -116 
-116 9326 2163 674 18 27 -350 -570 v 
28 5729 282 163 43 256 -649 -620 -618 
29 4663 582 38 397 41 210 -1108 43 
30 7422 582 774 631 300 -1349 90 84 
31 5560 282 28 207 -1059 -649 -1536 -620 
32 273 1608 249 132 245 -1514 -881 -1516 
33 3160 836 985 45 -499 -1209 -792 -179 
34 9719 9783 30 200 -929 -863 -972 -840 
35 9877 5571 123 287 200 -1028 -1519 v 
36 9365 5431 322 78 154 -1027 18 200 
37 9495 8724 224 123 -1389 101 56 -1410 
38 4813 6905 143 48 -236 -763 -1183 -765 
39 625 1393 134 62 -169 -188 -563 103 
-169 0 1393 625 62 v -188 -563 39 
40 3895 3481 2620 1518 -911 -1298 121 63 
41 4341 582 322 631 -1167 131 -1505 -1112 
-179 4145 836 196 45 33 -1167 -792 41 
42 831 1043 23 438 -874 -1192 318 -195 
-188 0 1223 831 170 v -1191 -562 42 
-195 854 1418 28 322 42 -1063 -881 25 
43 4701 582 20 397 29 210 -1108 24 
44 1941 1366 94 493 -533 -803 -748 -1313 
45 6877 7792 315 142 -1326 -1322 280 -812 
46 4603 1811 63 189 -999 -1528 125 -729 
47 9640 8104 47 128 254 -1510 -72 -226 
-226 9687 8104 313 128 47 -1510 -72 v 
48 7893 538 187 44 -1349 -1537 30 195 
49 3891 6869 100 138 -1054 -893 -1185 228 
-236 3991 6905 822 48 49 -763 -1183 38 
50 0 9087 324 343 v -1288 -870 168 
51 9944 7743 56 188 -1464 -696 -604 v 
52 6685 7405 31 236 -1067 143 -1569 182 
53 205 2188 304 28 -1164 223 -1554 269 
54 5248 7839 72 95 10 324 -1423 265 
55 7933 8103 508 22 -429 -1507 -1281 316 
56 8797 8847 922 894 285 -1389 -863 -861 
57 9570 1934 163 135 -1097 -1095 -1159 264 
58 8641 2218 329 37 105 -570 263 -292 
-292 8970 2218 1030 37 58 -570 263 v 
59 1824 1931 53 324 -325 -748 -1297 234 
-294 1111 2009 713 35 13 -320 -975 59 
60 1523 1739 165 270 -980 92 -294 -325 
-317 1688 1739 253 120 60 92 -748 44 
-320 1111 1775 412 234 13 -936 -294 60 
-325 1688 1931 136 78 60 -748 -294 59 
61 2035 638 190 110 -946 14 -1208 -1207 
62 1401 1447 122 96 207 96 123 -978 
63 6515 3452 316 1547 -1298 118 -1556 -362 
64 8469 1804 435 24 -1528 -1492 -1091 273 
65 6422 1948 419 307 -1099 -1097 263 -567 
-350 6841 2125 3159 38 65 -1156 -116 v 
66 2141 8724 103 69 -1119 -829 122 -361 
-361 2244 8724 797 119 66 -829 -1121 11 
67 7998 3452 25 1547 -362 118 331 186 
-362 6831 3452 1167 1547 63 118 331 67 
68 7450 7934 55 260 280 -812 100 -426 
69 3342 6967 250 438 -1498 -894 -913 -1342 
-377 3592 7261 724 122 69 -1468 -1341 6 
70 6577 9182 463 324 262 15 -579 -385 
-385 7040 9419 1757 87 70 -1392 -579 56 
71 3162 8826 162 88 11 -1138 -1534 -1068 
72 6264 646 82 68 183 7 -1403 -1402 
73 6780 1089 642 124 -1242 -1240 -544 30 
74 0 7561 1235 109 v 167 -1105 -1104 
75 737 765 190 65 -633 117 -1489 -640 
76 1523 582 71 162 -1077 -630 -1522 -1521 
77 9701 0 45 175 -1146 v 258 8 
78 9889 58 111 66 8 202 -31 v 
79 1599 7338 77 67 167 -1499 274 -1503 
80 9871 8963 129 103 290 -1412 -1415 v 
81 7520 8072 93 515 -426 277 299 -976 
-426 7505 8072 15 316 68 277 -1371 81 
-429 7613 8103 320 22 81 -1507 -1281 55 
82 7090 6359 471 109 327 222 -1478 -1335 
83 2255 7250 272 155 -1502 -1500 -1346 -445 
-440 2527 7250 815 118 83 -1500 20 69 
-445 2527 7382 815 23 83 20 -913 69 
84 8196 582 590 631 30 195 90 -446 
-446 8786 582 1214 631 84 -1153 -1491 v 
85 5470 8724 434 1276 135 -1050 v -971 
-464 5904 9360 673 146 85 -1296 -579 70 
86 2764 42 2026 79 -1011 -1009 -1017 119 
87 7051 5420 589 314 293 -1558 158 -858 
-486 7640 5464 1725 40 87 -837 3 36 
-488 7640 5504 1263 68 87 -486 -1033 3 
88 2292 751 51 130 -954 -1208 148 -499 
-499 2343 836 817 45 88 -1209 148 33 
89 9473 215 42 206 -957 317 -1448 175 
90 7889 1213 1030 55 309 30 -1492 -1490 
91 9365 5200 322 26 331 -1557 -1562 -514 
-514 9687 5200 313 26 91 -1557 -1562 v 
92 1523 1682 237 57 -980 189 -317 -979 
93 9334 7934 226 142 -1508 -811 -1510 -520 
-520 9560 7934 440 142 93 -811 -1510 v 
94 4354 8898 472 40 -1142 218 -984 -709 
95 6542 7743 84 94 333 -1571 226 -1323 
-533 854 1366 1087 38 42 -803 -978 44 
96 1401 1404 122 43 207 -533 62 -978 
-536 1072 1521 329 117 25 -1064 -980 123 
97 4790 489 230 49 -1278 253 275 -1536 
98 5067 6073 2573 234 235 -1218 222 -1039 
99 7735 1213 80 119 -544 30 2 -1481 
-544 6670 1213 1065 411 1 -1007 -1484 2 
100 7450 8194 55 194 280 68 -1371 -426 
101 9191 8331 496 393 188 -72 37 -552 
-552 9687 8331 313 393 101 -72 -1410 v 
102 8652 7605 275 38 288 -959 -1463 -846 
-562 759 1393 72 20 39 -188 103 42 
103 759 1413 72 124 39 -562 -1514 318 
-563 0 1455 759 82 v -169 -1514 103 
104 3592 6869 31 236 -894 -893 -1187 16 
105 8469 2163 172 92 -567 -350 263 58 
-567 6841 2163 1628 92 65 -350 263 105 
-568 8641 2163 329 18 105 -350 -570 27 
-570 8641 2181 1359 37 105 -568 -292 v 
106 4401 2000 212 152 -1001 -999 -1101 125 
-579 5904 9506 2893 132 85 -464 -580 56 
107 5904 9638 146 345 85 -579 -971 -1465 
-580 6050 9638 2747 103 107 -579 -863 56 
108 70 786 74 139 -585 -633 -1383 -677 
-585 0 786 70 139 v -633 -1383 108 
-586 144 786 593 44 108 -633 279 75 
109 1153 2136 64 119 -819 -975 -1297 -1222 
110 9630 7777 57 157 172 301 -520 -604 
-604 9687 7931 313 3 110 -1464 -520 v 
111 737 619 121 87 -1048 -1046 -632 115 
-607 0 696 737 10 v -1078 -632 111 
112 8351 7405 205 48 303 -1372 -959 -611 
-611 8556 7432 1444 21 112 -996 -867 v 
113 7923 159 130 379 -649 -1147 48 238 
-618 5892 282 2031 43 28 -649 -620 113 
-620 5588 325 2335 164 31 256 -1537 113 
114 8138 7643 553 19 -1315 288 149 -1463 
115 858 619 173 87 111 -1046 -632 -629 
-629 1031 619 492 87 115 -1046 -632 76 
116 2143 538 188 44 -630 -1459 -1166 -689 
-630 0 538 2143 44 v -1289 14 116 
-632 0 706 1523 20 v -607 283 76 
117 737 726 190 39 -633 -632 75 225 
-633 0 726 737 60 v -632 -586 75 
-640 927 812 1365 18 75 -1524 -815 88 
118 6515 2878 3485 574 -1298 263 -973 v 
119 4790 0 150 282 -1009 v -1059 -649 
-649 4940 159 2983 123 119 -1181 -618 113 
120 215 1904 271 65 -944 -942 -1550 13 
121 6282 4999 335 50 161 40 293 -1556 
122 2141 8793 103 50 -1119 66 -1121 -361 
123 1401 1543 122 95 -536 62 -980 189 
124 3854 1387 124 201 266 -1505 142 -1526 
125 4613 2000 767 152 106 46 -1101 213 
126 1036 2193 117 62 -1552 -819 -1297 109 
127 1941 2059 94 196 234 289 -1297 -756 
128 1478 889 45 154 -1237 150 -795 -817 
-677 144 922 1334 3 108 -1236 -1384 128 
129 0 8665 1599 52 v 276 -829 -1353 
130 768 2166 262 27 -1330 151 -1552 -819 
131 4227 538 144 44 -689 -1459 41 306 
-689 2331 538 1896 44 116 -1459 -1167 131 
132 8218 501 232 37 -1230 -1443 -1153 -1445 
133 9687 7588 128 155 -869 -867 -1464 -696 
-696 9815 7588 185 155 133 -867 51 v 
134 1361 1071 110 123 147 -795 -799 -797 
-705 854 1183 507 11 42 -790 136 134 
135 5126 8724 344 1276 248 -1050 v 85 
-709 4826 8898 300 40 94 -1145 -984 135 
136 1355 1194 77 121 -1274 -705 -803 -799 
137 4215 7405 726 529 -733 271 -1423 -722 
-722 4941 7584 74 350 137 12 -1423 10 
138 4978 9603 52 397 -871 145 v 247 
139 5096 1962 284 38 -729 -1088 125 213 
-729 4666 1962 430 38 46 -1088 125 139 
140 4009 7405 92 106 -913 271 -915 -733 
-733 4101 7405 114 106 140 271 -915 137 
141 1773 228 872 290 -1453 197 -1459 -1278 
142 3077 1588 901 667 -1313 257 -1297 -998 
-748 1688 1859 1389 72 60 -317 -1407 142 
-754 2112 2027 965 98 22 -1408 -756 142 
-756 2035 2125 1042 130 127 22 -1297 142 
143 6088 6861 768 544 -893 -1543 -1466 -1372 
-763 3991 6869 2097 36 49 -893 -765 143 
-765 4956 6905 1132 48 38 -763 -1183 143 
144 9610 215 30 247 174 317 -1449 -1265 
145 4978 9400 148 203 -1429 -1428 -1259 135 
146 134 1799 142 46 -940 -938 -942 -788 
-788 276 1799 210 46 146 -938 -942 13 
147 1272 1071 89 112 -790 -795 -705 134 
-790 854 1071 418 112 42 -795 -705 147 
148 2035 881 1225 506 -817 -815 266 -1505 
-792 3260 881 1081 332 148 33 -1505 41 
-795 854 1043 1181 28 42 -1192 -797 148 
-797 1471 1071 564 123 134 -795 -799 148 
-799 1432 1194 603 121 136 134 -803 148 
-803 854 1315 1181 51 42 -1275 44 148 
149 8138 7662 553 272 -1315 114 -1508 -811 
-811 8691 7884 939 50 149 -922 -520 110 
-812 7192 7792 946 142 45 242 -1507 149 
150 1398 830 125 59 311 -640 128 -817 
-815 1523 830 769 51 150 -640 148 88 
-817 1523 881 512 162 150 -815 -795 148 
151 768 2136 262 30 -1330 -975 130 -819 
-819 1030 2136 123 57 151 -975 126 109 
152 4215 8313 326 411 -1205 -1368 -1260 -1050 
-829 0 8717 4215 7 v 129 -1260 152 
-831 0 3883 3895 777 v -906 153 40 
153 2951 4660 944 339 -832 -831 192 40 
-832 0 4660 2951 339 v -831 192 153 
154 7922 5353 1443 111 -1558 331 -486 36 
-837 7640 5420 282 44 87 -1558 -486 154 
155 9812 9783 64 200 -840 -863 -972 -862 
-840 9749 9783 63 200 34 -863 -972 155 
156 4160 7554 55 112 -917 -915 214 137 
157 9090 7605 540 38 -846 -959 -1463 -869 
-846 8927 7605 163 38 102 -959 -1463 157 
158 7482 5734 158 339 -1218 87 98 -1039 
-853 7640 5892 608 25 158 -858 -1258 9 
159 9365 5662 322 37 -858 -1033 -1254 200 
-858 7640 5662 1725 230 87 -1033 9 246 
160 9824 9305 52 478 -861 -928 155 310 
-861 9719 9305 105 436 56 -928 -863 160 
-862 9876 9853 124 130 155 310 -972 v 
-863 6050 9741 3774 42 107 -580 155 160 
161 6122 4999 160 50 -903 40 293 121 
162 9451 7453 179 152 -959 -611 157 -869 
-867 9630 7453 370 135 162 -611 -696 v 
-869 9630 7588 57 55 162 -867 301 133 
163 1553 9430 1013 570 -870 168 v -871 
-870 0 9430 1553 570 v 50 v 163 
-871 2566 9430 2412 570 163 -1429 v 138 
164 625 1043 71 87 229 -1192 -1195 -874 
-874 696 1043 135 87 164 -1192 -1195 42 
165 9546 215 43 247 175 317 -1449 174 
166 134 1740 219 27 -934 245 -936 -881 
-881 353 1740 1170 27 166 32 -936 60 
167 0 4999 1599 2562 v -832 -1347 274 
-889 1599 6236 3468 71 167 235 -1472 98 
-893 1599 6861 4489 8 167 -1543 -763 143 
-894 1599 6869 1993 98 167 -893 69 104 
168 324 9087 1244 343 50 -1288 163 294 
169 5462 4999 452 50 192 40 293 -903 
-903 5914 4999 208 50 169 40 293 161 
170 452 2842 240 1041 -906 -1297 -831 -911 
-906 0 2842 452 1041 v -1297 -831 170 
-911 692 3481 3203 402 170 -1298 -831 40 
171 2942 7405 348 261 -1346 -445 214 -917 
-913 3290 7405 719 106 171 -445 -915 140 
-915 3290 7511 925 43 171 -913 156 137 
-917 3290 7554 870 112 171 -915 214 156 
172 9358 7670 272 214 -922 -1463 -811 110 
-922 8691 7670 667 214 149 -1463 -811 172 
-927 9719 9209 281 44 56 322 173 v 
173 9865 9253 135 52 -928 -927 -1487 v 
-928 9719 9253 146 52 56 -927 160 173 
174 9589 215 21 247 165 317 -1449 144 
175 9515 215 31 206 89 317 -1448 165 
-929 6050 9783 3669 140 107 -863 -931 34 
176 8382 9923 415 60 -1495 -929 185 -931 
-931 8797 9923 922 60 176 -929 -972 34 
177 26 1740 30 194 291 -1255 329 -944 
-934 56 1740 78 27 177 -1255 -936 166 
-936 56 1767 1467 8 177 -934 -320 60 
-938 56 1775 430 24 177 -936 -788 13 
-940 56 1799 78 46 177 -938 -942 146 
-942 56 1845 430 59 177 -940 120 13 
-944 56 1904 159 30 177 -942 -1549 120 
-946 1594 582 441 143 76 -630 -948 61 
178 1834 725 86 87 320 -946 -640 -954 
-948 1920 725 115 23 178 -946 -1208 61 
-954 1920 751 372 61 178 -1208 -640 88 
179 9319 215 115 149 -1057 317 -1447 -957 
-957 9434 215 39 149 179 317 -1447 89 
180 8138 7453 114 152 -1466 303 288 -959 
-959 8252 7453 1199 152 180 303 157 162 
181 0 8724 386 167 v -829 -1566 332 
182 6716 7405 61 236 52 143 -1569 267 
183 6097 646 167 68 -1086 7 -1403 72 
184 301 58 129 57 -1199 231 260 -1012 
185 8707 9983 387 17 -971 176 v -972 
-971 5904 9983 2803 17 85 107 v 185 
-972 9094 9983 906 17 185 -931 v v 
-973 8023 3452 1977 1083 67 118 186 v 
186 8023 4535 1977 464 67 -973 -1557 v 
187 544 2044 140 92 -1551 13 -1330 -975 
-974 0 2062 544 74 v 291 269 187 
-975 684 2044 1140 92 187 13 -1221 59 
188 8229 8331 962 393 -976 -72 -1389 101 
-976 7613 8331 616 393 81 17 285 188 
-978 1523 1404 418 186 96 -533 -979 44 
189 1523 1590 237 92 123 -978 92 -979 
-979 1760 1590 181 149 189 -978 -317 44 
-980 1072 1638 451 102 25 -536 -881 60 
190 4269 8938 239 53 -983 -1534 268 -984 
-983 2609 8938 1660 27 4 323 -1131 190 
-984 4508 8938 618 53 190 94 -1328 135 
191 5988 8724 118 130 -987 -1050 255 334 
-987 5904 8724 84 130 85 -1050 255 191 
192 1851 4999 3611 50 -989 -832 293 169 
-989 1599 4999 252 50 167 -832 235 192 
193 9687 6720 128 712 -1546 270 -611 -1334 
-996 8556 7405 1131 27 112 -1372 -611 193 
194 4145 1811 27 444 321 -1528 -1297 -1101 
-998 3978 1992 167 263 142 321 -1297 194 
-999 4172 1811 431 189 194 -1528 106 46 
-1001 4172 2000 229 152 194 -999 -1101 106 
195 8080 538 153 44 48 -1230 84 -1153 
196 5637 1143 170 70 -1243 -1242 1 -1007 
-1007 5807 1143 973 70 196 -1242 -544 73 
197 1773 0 872 228 -1008 v 141 -1017 
-1008 657 0 1116 58 26 v -1012 197 
-1009 2645 0 2145 42 197 v 86 119 
-1011 2645 42 119 79 197 -1009 -1017 86 
-1012 430 58 1343 57 184 231 -1453 197 
-1017 2645 121 2145 161 197 -1011 -1059 119 
198 6375 8787 81 67 23 -1355 255 -1357 
199 5009 8810 117 85 -1452 248 -1145 135 
200 9687 5430 190 923 -1027 -1562 -1334 -1036 
-1027 9365 5430 322 1 154 -1562 36 200 
-1028 9877 5430 123 141 200 -1562 35 v 
-1030 9365 5538 322 34 3 18 -1033 200 
-1033 7640 5572 2047 90 87 -488 159 200 
-1036 9877 6116 123 237 200 -1520 -1334 v 
-1039 7640 5920 2047 439 158 -1258 -1335 270 
201 179 618 297 22 211 -1079 272 -1048 
-1046 476 618 1047 1 201 -1079 -629 76 
-1048 476 619 261 77 201 -1046 -607 111 
202 9889 0 111 58 8 v 78 v 
203 6635 8519 815 205 -1050 -1369 285 -1460 
-1050 4541 8519 2094 205 152 -1369 -1388 203 
-1054 3684 6869 207 107 16 -893 204 49 
204 3684 6976 207 31 16 -1054 -1185 49 
205 9123 215 142 62 -1225 317 -1232 -1057 
-1057 9265 215 54 62 205 317 -1232 179 
-1059 2645 282 2915 47 141 -1017 -1061 31 
206 4988 329 298 28 -1060 -1059 -1277 -1061 
-1060 2645 329 2343 28 141 -1059 -1277 206 
-1061 5286 329 274 28 206 -1059 -1277 31 
207 1227 1404 174 117 -1063 -533 -536 62 
-1063 854 1404 373 14 42 -533 -1064 207 
-1064 1072 1418 155 103 25 -1063 -536 207 
208 6303 7405 177 45 -1301 143 -1303 -1067 
-1067 6480 7405 205 45 208 143 -1303 52 
209 3535 8826 61 88 -1068 -1138 -1534 -1142 
-1068 3324 8826 211 88 71 -1138 -1534 209 
210 4500 538 394 44 306 -1459 24 275 
-1077 0 582 1523 23 v -630 -1079 76 
211 84 605 95 91 -1078 -1077 -607 272 
-1078 0 605 84 91 v -1077 -607 211 
-1079 179 605 1344 13 211 -1077 -1046 76 
212 5144 582 397 164 24 275 -1404 -1403 
-1086 5541 646 556 68 212 -1462 -1403 183 
213 5380 1811 57 444 -1088 -1528 -1297 -1099 
-1088 4666 1811 714 151 46 -1528 139 213 
-1089 5437 1811 3032 17 213 -1528 -1091 64 
-1091 5437 1828 4563 32 213 -1089 -87 v 
-1093 5437 1860 4053 19 213 -1091 -1095 21 
-1095 5437 1879 4563 55 213 -1093 -1299 v 
-1097 5437 1934 4133 14 213 -1095 -1157 57 
-1099 5437 1948 985 307 213 -1097 -1297 65 
-1101 4172 2152 1208 103 194 -1001 -1297 213 
214 2108 7666 2107 260 -1104 274 292 137 
-1104 1235 7666 873 4 74 -1347 -1105 214 
-1105 0 7670 2108 256 v 74 292 214 
215 5144 948 36 265 24 -1239 315 241 
-1108 4663 979 481 35 41 29 -1110 215 
-1110 4899 1014 245 46 19 -1108 -1112 215 
-1112 4663 1060 481 153 41 19 315 215 
216 1964 8724 38 363 -1375 -829 294 -1327 
-1119 2002 8724 139 119 216 -829 -1121 122 
-1121 2002 8843 1039 12 216 -1119 -1530 11 
-1129 2002 8938 390 27 216 -1531 -1131 4 
-1131 2002 8965 2267 26 216 -1129 268 190 
217 5904 8895 117 96 85 255 -1361 236 
218 4354 8744 178 154 -1138 -1260 94 -1145 
-1138 3162 8744 1192 82 11 -1260 -1142 218 
-1142 3596 8826 758 88 209 -1138 -1534 94 
-1145 4532 8895 594 3 218 -1261 -709 135 
-1146 7760 0 1941 139 5 v 317 77 
219 8786 139 200 76 -1147 -1146 -1225 317 
-1147 7760 139 1026 20 5 -1146 -1224 219 
220 8922 538 147 44 -1153 -1445 -446 -1154 
-1153 8233 538 689 44 195 132 -446 220 
-1154 9069 538 931 44 220 -1445 -446 v 
221 6870 1948 34 177 -1156 -1097 -350 -1159 
-1156 6841 1948 29 177 65 -1097 -350 221 
-1157 6904 1948 2666 121 221 -1097 -1159 57 
-1159 6904 2069 3096 56 221 -1157 -350 v 
222 7090 6307 550 52 327 98 -1335 -1039 
223 205 2136 157 52 -1164 -974 53 -1329 
-1164 0 2136 205 80 v -974 -1554 53 
224 3262 582 102 254 -1166 -689 33 -1167 
-1166 2292 582 970 56 14 116 -1206 224 
-1167 3364 582 977 254 224 -689 -179 41 
225 927 726 123 41 117 -632 -1524 -1523 
226 6542 7837 84 97 -1311 95 -1423 -1323 
227 6247 0 35 159 -1181 v -649 5 
-1181 4940 0 1307 159 119 v -649 227 
-1183 3991 6953 2097 50 49 -236 -1184 143 
228 3991 7003 325 153 49 -1183 -1467 -1184 
-1184 4316 7003 1772 153 228 -1183 -1467 143 
-1185 3684 7007 307 98 16 204 -1187 228 
-1187 3592 7105 399 51 69 104 -1467 228 
229 577 964 48 259 -1386 -1384 -188 -1195 
-1191 0 990 577 233 v -1383 -188 229 
-1192 625 964 853 79 229 -1384 -795 128 
-1195 625 1130 206 93 229 164 -188 42 
230 7613 6468 27 194 -1478 -1335 -1546 -1337 
231 301 0 205 58 -1199 v -1012 26 
-1199 0 0 301 115 v v 260 184 
232 1836 8301 869 181 -1352 -1367 -1353 -1205 
-1205 2705 8313 1510 169 232 -1368 -1353 152 
-1206 2225 638 1037 24 61 14 233 224 
233 3190 662 72 174 -1207 -1206 33 224 
-1207 2225 662 965 86 61 -1206 -1208 233 
-1208 1920 748 1270 3 178 -948 -1209 233 
-1209 2343 751 847 85 88 -1208 33 233 
234 1877 1931 64 324 59 -748 -1297 127 
235 1599 5049 3468 1187 167 -989 -889 98 
-1218 5067 5734 2415 339 235 293 98 158 
236 6021 8895 435 96 217 255 -1361 -1357 
-1221 1217 2136 607 50 109 -975 -1223 59 
237 1294 2186 229 43 -1222 -1221 326 -1223 
-1222 1217 2186 77 69 109 -1221 -1297 326 
-1223 1523 2186 301 69 237 -1221 -1297 59 
238 8053 159 18 379 113 -1147 48 -1230 
-1224 8071 159 715 56 238 -1147 -1225 219 
-1225 8071 215 1052 62 238 -1224 -1232 205 
-1230 8071 501 147 37 238 -1443 195 132 
-1232 8071 277 1248 2 238 -1225 -1430 179 
239 8696 279 427 82 -1233 -1232 -1433 -1431 
-1233 8071 279 625 82 238 -1232 -1433 239 
240 731 889 315 33 -1236 279 -677 -1237 
-1236 144 889 587 33 108 -1364 -677 240 
-1237 1046 889 432 33 240 -1489 -677 128 
241 5180 790 361 423 -1239 -1404 315 -1243 
-1239 5144 790 36 158 24 -1404 215 241 
-1240 5541 1034 1881 55 241 -1405 73 30 
-1242 5541 1089 1239 54 241 -1240 -1007 73 
-1243 5541 1143 96 70 241 -1242 315 196 
242 7026 7706 707 86 -1322 -1315 -812 -1246 
-1246 7733 7706 405 86 242 -1315 -812 149 
243 418 8724 173 37 -1250 -829 -1376 -1374 
-1250 386 8724 32 37 181 -829 -1376 243 
244 9365 5699 150 131 -858 159 246 -1254 
-1254 9515 5699 172 131 244 159 246 200 
245 94 1608 179 132 -1255 -1514 166 32 
-1255 0 1608 94 132 v -1514 -934 245 
246 9365 5830 322 90 -858 244 -1039 200 
-1258 7640 5917 1725 3 158 -853 -1039 246 
-1259 5030 9603 96 338 138 145 247 135 
247 5030 9941 96 59 138 -1259 v 135 
248 5009 8724 117 86 -1260 -1050 199 135 
-1260 3162 8724 1847 20 11 -829 -1452 248 
-1261 4532 8839 477 56 218 -1451 -1145 199 
249 6701 9959 339 24 302 -1494 -971 -1496 
250 9763 215 237 323 -1265 258 -1154 v 
-1265 9640 215 123 247 144 317 -1449 250 
251 4956 7254 342 151 304 -1469 -1535 -1270 
-1270 5298 7254 790 151 251 -1469 -1301 143 
-1274 854 1194 501 51 42 -705 -1276 136 
252 1071 1245 179 70 -1275 -1274 -803 -1276 
-1275 854 1245 217 70 42 -1274 -803 252 
-1276 1250 1245 105 70 252 -1274 -803 136 
-1277 2645 357 2915 50 141 -1060 -1279 31 
253 4790 407 496 82 -1278 -1277 -1536 -1279 
-1278 2645 407 2145 111 141 -1277 -1459 97 
-1279 5286 407 274 82 253 -1277 -1536 31 
254 9560 8104 80 128 -1512 -1510 -72 47 
-1281 7784 8125 1776 107 17 -429 -72 254 
255 5904 8854 552 41 85 -987 236 -1357 
256 5588 282 141 43 31 -649 -620 28 
257 3077 1573 777 15 -1313 266 142 124 
258 9701 175 299 40 317 77 250 v 
259 1288 8821 676 266 -1564 -1479 294 216 
-1288 0 9072 1288 15 v -1566 168 259 
260 30 115 627 423 -1289 -1199 -630 -1454 
-1289 0 115 30 423 v -1199 -630 260 
261 1396 457 377 61 -1457 -1455 -1459 141 
262 6456 9182 121 178 -1296 -1361 -464 70 
-1296 5904 9182 552 178 85 -1361 -464 262 
263 6515 2255 3485 623 -1297 65 118 v 
-1297 0 2255 6515 587 v -1554 -1298 263 
-1298 692 2842 5823 639 170 -1297 40 63 
264 9733 1934 49 135 57 -1095 -1159 -1299 
-1299 9782 1934 218 135 264 -1095 -1159 v 
265 5320 7405 175 529 -1535 -1270 -1423 -1311 
-1301 5495 7405 808 45 265 -1270 -1303 208 
-1303 5495 7450 1190 191 265 -1301 -1569 52 
-1311 5495 7757 1047 177 265 -1570 -1423 226 
266 3077 1387 777 186 -1313 148 257 124 
-1313 2035 1387 1042 472 44 148 -748 142 
267 6777 7473 14 461 182 -1466 -1423 -1326 
-1315 6791 7473 1347 233 267 -1466 -1246 149 
-1322 6791 7706 235 86 267 -1315 45 242 
-1323 6626 7743 151 191 95 -1571 -1423 267 
-1326 6791 7792 86 142 267 -1322 -1423 45 
268 4093 8991 885 96 -1327 -1131 -1428 -1328 
-1327 2002 8991 2091 96 216 -1131 -1428 268 
-1328 4978 8991 148 96 268 -984 -1428 135 
269 509 2136 90 80 -1329 -974 -1554 330 
-1329 362 2136 147 52 223 -974 53 269 
-1330 599 2136 169 57 269 187 -1552 130 
270 9687 6353 128 367 -1039 200 193 -1334 
-1334 9815 6353 185 1079 270 200 -611 v 
-1335 7561 6359 2126 109 82 222 -1337 270 
-1337 7640 6468 2047 194 230 -1335 -1546 270 
-1341 3592 7383 1364 10 69 -377 -1343 251 
271 3684 7393 632 12 -1342 -1341 137 -1343 
-1342 3592 7393 92 12 69 -1341 -913 271 
-1343 4316 7393 640 12 271 -1341 12 251 
272 179 640 297 56 211 201 -607 -1048 
273 8904 1804 422 24 64 -1492 -1091 -1345 
-1345 9326 1804 674 24 273 312 -1091 v 
274 1599 7405 658 261 167 79 214 -1346 
-1346 2257 7405 685 261 274 83 214 171 
-1347 1235 7561 364 105 74 167 -1104 274 
275 4894 538 616 44 210 97 212 -1349 
-1349 5510 538 2383 44 275 -1536 30 48 
276 0 8174 1599 491 v -1366 129 -1353 
-1352 1599 8301 237 181 276 -1367 -1353 232 
-1353 1599 8482 2616 235 276 -1352 -829 152 
277 7505 7934 108 138 68 -812 81 -1507 
278 6535 8724 28 458 -1355 -1050 262 15 
-1355 6375 8724 160 63 23 -1050 -1357 278 
-1357 6456 8787 79 204 198 -1355 -1361 278 
-1361 5904 8991 631 191 85 217 262 278 
279 711 830 104 59 -1364 -586 240 -1489 
-1364 144 830 567 59 108 -586 -1236 279 
280 7130 7934 320 585 -1423 45 203 -1371 
-1366 0 8109 7130 65 v -1421 -1367 280 
-1367 1599 8174 5531 127 276 -1366 -1368 280 
-1368 2705 8301 4425 12 232 -1367 -1369 280 
-1369 4541 8313 2589 206 152 -1368 203 280 
-1371 7450 8388 70 199 280 100 299 81 
281 9057 6861 630 544 -1372 -1546 -996 193 
-1372 6856 6861 2201 544 143 -1543 -996 281 
282 1787 8724 64 79 -1374 -829 308 -1375 
-1374 591 8724 1196 37 243 -829 -1376 282 
-1375 1851 8724 113 97 282 -829 259 216 
-1376 386 8761 1401 42 181 -1250 308 282 
283 1227 726 296 40 -1379 -632 -1523 -1522 
-1379 1050 726 177 40 225 -632 -1523 283 
284 245 925 79 65 -1383 -677 -1191 -1386 
-1383 0 925 245 65 v -585 -1191 284 
-1384 324 925 1154 39 284 -677 -1192 128 
-1386 324 964 253 26 284 -1384 -1191 229 
285 7124 8724 1673 695 -1388 203 -385 56 
-1388 6563 8724 561 365 278 -1050 -1391 285 
-1389 8797 8724 698 123 285 188 56 37 
-1391 6931 9089 193 93 15 -1388 -1392 285 
-1392 7040 9182 84 237 70 -1391 -385 285 
286 8953 391 77 91 -1395 -1433 -1443 -1437 
-1395 8071 391 882 91 238 -1433 -1443 286 
287 7340 646 82 388 -1402 7 -1240 30 
-1402 6346 646 994 68 72 7 -1403 287 
-1403 5541 714 1799 32 212 -1086 -1404 287 
-1404 5144 746 2196 44 24 212 -1405 287 
-1405 5541 790 1799 244 241 -1404 -1240 287 
288 8138 7605 514 38 -1315 180 114 102 
-1407 1941 1931 1136 47 234 -748 -1408 142 
289 1941 1978 94 81 234 -1407 127 22 
-1408 2035 1978 1042 49 289 -1407 -754 142 
-1410 9719 8724 281 142 37 -552 -1412 v 
290 9819 8866 52 343 -1529 -1410 -927 -1415 
-1412 9871 8866 129 97 290 -1410 80 v 
-1415 9871 9066 129 143 290 80 -927 v 
291 0 1740 26 322 v -1255 -974 329 
292 1599 7926 2616 183 -1421 -1105 -1366 -1423 
-1421 0 7926 1599 183 v -1105 -1366 292 
-1423 4215 7934 2915 175 292 137 -1366 280 
293 5067 5049 1984 685 235 192 -1218 87 
294 1568 9087 665 343 168 259 163 -1429 
-1428 2233 9087 2893 313 294 -1327 145 135 
-1429 2233 9400 2745 30 294 -1428 -871 145 
-1430 9123 279 196 62 239 -1232 296 179 
295 9205 341 53 197 -1431 -1430 -1154 296 
-1431 9123 341 82 20 239 -1430 -1433 295 
-1433 8071 361 1134 30 238 -1233 -1437 295 
-1437 9030 391 175 91 286 -1433 -1443 295 
-1443 8071 482 1134 19 238 -1395 -1445 295 
-1445 8450 501 755 37 132 -1443 -1154 295 
296 9258 341 61 197 295 -1430 -1154 -1449 
-1447 9319 364 154 57 296 179 -1448 89 
-1448 9319 421 227 41 296 -1447 -1449 165 
-1449 9319 462 444 76 296 -1448 -1154 250 
297 4874 8744 104 95 -1451 -1260 -1261 -1452 
-1451 4532 8744 342 95 218 -1260 -1261 297 
-1452 4978 8744 31 95 297 -1260 -1261 199 
-1453 657 115 1116 133 260 -1012 -1455 141 
298 841 248 138 290 -1454 -1453 -630 -1459 
-1454 657 248 184 290 260 -1453 -630 298 
-1455 979 248 794 209 298 -1453 261 141 
-1457 979 457 417 61 298 -1455 -1459 261 
-1459 979 518 3811 20 298 -1457 210 97 
299 7505 8587 108 137 -1460 -1371 285 -976 
-1460 7450 8587 55 137 203 -1371 285 299 
300 5637 582 1785 6 -1462 -1349 7 30 
-1462 5541 582 96 64 212 -1349 -1086 7 
301 9630 7643 57 134 -1463 -869 110 -1464 
-1463 8691 7643 939 27 114 102 172 301 
-1464 9687 7743 257 188 301 133 -604 51 
302 6456 9959 245 24 -1465 -1494 -971 249 
-1465 6050 9959 406 24 107 -1494 -971 302 
303 8138 7405 213 48 -1466 -1372 -959 112 
-1466 6777 7405 1361 68 182 143 -1315 180 
-1467 3592 7156 2496 17 69 -1187 -1469 143 
304 4803 7173 153 88 -1468 -1467 6 251 
-1468 3592 7173 1211 88 69 -1467 6 304 
-1469 4956 7173 1132 81 304 -1467 -1270 143 
305 6923 6307 51 218 -1472 98 -1543 -1540 
-1472 1599 6307 5324 218 167 -889 -1543 305 
306 4371 538 129 44 131 -1459 41 210 
307 7090 6468 183 40 327 82 -1542 -1478 
-1478 7273 6468 340 40 307 82 -1542 230 
308 1477 8803 374 18 -1479 -1376 259 -1375 
-1479 386 8803 1091 18 181 -1376 259 308 
309 7872 1213 17 591 -1481 30 -1528 -1492 
-1481 7815 1213 57 411 99 30 -1484 309 
-1484 6670 1624 1202 180 1 -544 -1528 309 
-1487 9876 9305 124 180 160 173 -1488 v 
310 9876 9485 47 368 160 -1487 -862 -1488 
-1488 9923 9485 77 368 310 -1487 -862 v 
311 1111 830 287 59 -1489 -640 -1237 150 
-1489 815 830 296 59 279 75 -1237 311 
312 9293 1213 197 591 -1490 -446 -1345 -1491 
-1490 8919 1213 374 55 90 -446 -1492 312 
-1491 9490 1213 510 591 312 -446 -1345 v 
-1492 7889 1268 1404 536 309 90 273 312 
313 7124 9923 252 60 -1494 -929 -971 -1495 
-1494 6050 9923 1074 36 107 -929 -1496 313 
-1495 7376 9923 1006 60 313 -929 -971 176 
-1496 7040 9959 84 24 249 -1494 -971 313 
-1498 1599 6967 1743 193 167 -894 -1500 69 
314 1895 7160 171 245 -1499 -1498 274 -1502 
-1499 1599 7160 296 178 167 -1498 -1503 314 
-1500 2066 7160 1276 90 314 -1498 -440 69 
-1502 2066 7250 189 155 314 -1500 274 83 
-1503 1676 7338 219 67 79 -1499 274 314 
315 5091 1213 569 591 -1505 -1112 -1528 1 
-1505 3260 1213 1831 174 148 -792 -1526 315 
316 8441 7934 192 191 -1507 149 -1281 -1512 
-1507 7613 7934 828 169 277 -812 55 316 
-1508 8633 7934 701 142 316 149 -1510 93 
-1510 8633 8076 1367 28 316 -1508 -226 v 
-1512 8633 8104 927 21 316 -1510 -1281 254 
317 8986 139 715 76 219 -1146 -1265 258 
318 831 1481 23 259 103 42 -881 -195 
-1514 0 1537 831 71 v -563 -1516 318 
-1516 522 1608 309 132 32 -1514 -881 318 
-1519 9877 5858 123 86 200 35 319 v 
319 9904 5944 96 106 -1520 -1519 328 v 
-1520 9877 5944 27 172 200 -1519 -1036 328 
320 1714 725 120 87 -1521 -946 -640 178 
-1521 1594 725 120 19 76 -946 -1522 320 
-1522 1523 744 191 22 283 76 -1523 320 
-1523 1050 766 664 1 225 -1379 -1524 320 
-1524 927 767 787 45 75 225 -640 320 
-1526 3978 1387 1113 325 124 -1505 -1527 315 
321 3978 1712 167 280 142 -1526 -998 194 
-1527 4145 1712 946 92 321 -1526 -1528 315 
-1528 4145 1804 4324 7 321 -1527 -1089 64 
322 9719 8866 80 343 56 -1410 -927 -1529 
-1529 9799 8866 20 343 322 -1410 -927 290 
-1530 2002 8855 1160 25 216 -1121 -1532 71 
323 2285 8880 518 58 -1531 -1530 -983 -1534 
-1531 2002 8880 283 58 216 -1530 -1129 323 
-1532 2803 8880 359 34 323 -1530 -1534 71 
-1534 2803 8914 1551 24 323 -1532 190 94 
-1535 5248 7405 72 345 12 251 324 265 
324 5248 7750 72 89 10 -1535 54 265 
325 5738 489 154 49 -1536 -620 -1349 -1537 
-1536 5020 489 718 49 97 253 -1349 325 
-1537 5892 489 2031 49 325 -620 48 113 
326 1294 2229 229 26 -1222 237 -1297 -1223 
327 7051 6307 39 554 -1540 98 -1372 -1546 
-1540 6974 6307 77 218 305 98 -1543 327 
-1542 7090 6508 523 154 327 307 -1546 230 
-1543 1599 6525 5452 336 167 -1472 -1372 327 
-1546 7090 6662 2597 199 327 -1542 281 193 
328 9904 6050 96 66 -1520 319 -1036 v 
329 26 1934 71 128 291 177 -974 -1551 
-1549 97 1934 118 35 329 -944 -1550 120 
-1550 97 1969 389 75 329 -1549 -1551 13 
-1551 97 2044 447 18 329 -1550 -974 187 
-1552 599 2193 437 1 269 -1330 -1553 126 
330 599 2194 169 61 269 -1552 -1297 -1553 
-1553 768 2194 268 61 330 -1552 -1297 126 
-1554 0 2216 599 39 v -1164 -1297 330 
331 7922 4999 1443 354 -1556 -362 154 -1562 
-1556 6617 4999 1305 50 121 63 -1558 331 
-1557 9365 4999 635 201 331 186 -514 v 
-1558 7051 5049 871 371 293 -1556 -837 154 
-1562 9365 5226 635 204 331 91 -1028 v 
-1564 386 8821 902 69 181 -1479 -1565 259 
332 386 8890 32 182 181 -1564 -1288 -1565 
-1565 418 8890 870 182 332 -1564 -1288 259 
-1566 0 8891 386 181 v 181 -1288 332 
-1569 5495 7641 1282 12 265 -1303 -1571 267 
333 6480 7653 62 104 -1570 -1569 -1311 95 
-1570 5495 7653 985 104 265 -1569 -1311 333 
-1571 6542 7653 235 90 333 -1569 -1323 267 
-1573 6106 8724 206 85 191 -1050 334 23 
334 6106 8809 206 45 191 -1573 255 23 
