997
10000 10000
1 5660 1213 1010 591 315 196 -2469 508 
2 7735 1332 80 292 508 99 -2525 775 
3 8903 5504 462 68 648 -2404 501 555 
4 2392 8938 217 27 591 323 462 -2040 
5 6282 0 1478 159 227 v 595 537 
6 4316 7261 640 122 -2007 668 436 251 
7 5637 588 1785 58 368 300 287 30 
8 9746 0 143 175 77 v 258 -31 
-31 9889 124 111 51 8 78 258 v 
9 8248 5892 1117 25 626 501 -2357 246 
10 5015 7584 233 350 -722 12 652 54 
11 3041 8724 121 131 754 -1353 -2501 71 
12 4941 7405 307 179 137 436 10 -1535 
13 486 1775 625 269 -2388 643 -2475 590 
14 2035 582 257 56 760 663 364 350 
15 6563 9089 368 93 278 -2253 70 -2517 
16 3623 6869 61 236 104 371 460 567 
17 7613 8125 171 206 81 620 598 -2260 
18 9365 5509 322 29 3 36 555 200 
19 4663 1014 236 46 41 -1108 -1112 604 
20 2527 7368 815 14 83 613 644 69 
21 9490 1860 486 19 -2163 387 522 526 
22 2035 2027 77 98 289 400 -2498 747 
23 6312 8724 63 130 704 557 255 198 
24 4721 582 423 397 43 210 -1108 215 
25 882 1418 190 322 -2382 642 -1908 -1678 
26 506 0 151 58 231 v 680 453 
27 8970 2163 356 18 -568 -1912 -1916 -1914 
28 5729 282 163 43 256 593 -2493 742 
29 4663 582 38 397 41 210 -1108 43 
30 7422 582 774 631 300 -2458 90 84 
31 5560 282 28 207 486 593 675 -2493 
32 273 1608 249 132 245 -1754 -1908 -1955 
33 3160 836 985 45 575 710 724 767 
34 9719 9783 30 200 385 500 -1616 -840 
35 9877 5571 123 287 200 -1028 469 v 
36 9365 5431 322 78 154 404 18 200 
37 9495 8724 224 123 765 101 56 415 
38 4813 6905 143 48 562 -1707 753 372 
39 625 1393 134 62 389 374 755 103 
40 3895 3481 2620 1518 467 -2031 121 63 
41 4341 582 322 631 767 131 -2473 -1112 
42 831 1043 23 438 -2521 601 318 -2382 
43 4701 582 20 397 29 210 -1108 24 
44 1941 1366 94 493 -2231 540 752 400 
45 6877 7792 315 142 471 335 280 421 
46 4603 1811 63 189 -999 720 125 407 
47 9640 8104 47 128 254 714 475 550 
48 7893 538 187 44 -2458 595 30 195 
49 3891 6869 100 138 -2522 371 567 228 
50 0 9087 324 343 v 525 579 168 
51 9944 7743 56 188 -2236 544 458 v 
52 6685 7405 31 236 581 143 -2457 182 
53 205 2188 304 28 -1750 223 699 269 
54 5248 7839 72 95 10 324 652 265 
55 7933 8103 508 22 620 369 563 316 
56 8797 8847 922 894 285 357 -2137 500 
57 9570 1934 163 135 539 522 -2508 264 
58 8641 2218 329 37 105 -1916 263 -1918 
59 1824 1931 53 324 602 392 -2030 234 
60 1523 1739 165 270 363 92 -2320 -1791 
61 2035 638 190 110 760 14 339 364 
62 1401 1447 122 96 207 96 123 -2396 
63 6515 3452 316 1547 -2031 118 -2351 614 
64 8469 1804 435 24 -2159 640 -2163 273 
65 6422 1948 419 307 628 -2469 263 -567 
66 2141 8724 103 69 -2048 -1353 122 382 
67 7998 3452 25 1547 614 118 331 186 
68 7450 7934 55 260 280 421 100 558 
69 3342 6967 250 438 600 414 433 432 
70 6577 9182 463 324 262 15 416 408 
71 3162 8826 162 88 11 -2225 -2503 -1068 
72 6264 646 82 68 183 7 653 -2295 
73 6780 1089 642 124 -2324 533 508 30 
74 0 7561 1235 109 v 167 541 519 
75 737 765 190 65 726 117 529 692 
76 1523 582 71 162 596 437 -2245 -1521 
77 9701 0 45 175 661 v 258 8 
78 9889 58 111 66 8 202 -31 v 
79 1599 7338 77 67 167 -2438 274 578 
80 9871 8963 129 103 290 -1412 410 v 
81 7520 8072 93 515 558 277 299 -2315 
82 7090 6359 471 109 327 222 -1478 523 
83 2255 7250 272 155 -1502 -2327 744 466 
84 8196 582 590 631 30 195 90 547 
85 5470 8724 434 1276 135 557 v 456 
86 2764 42 2026 79 740 683 671 119 
87 7051 5420 589 314 293 583 158 626 
88 2292 751 51 130 339 350 148 597 
89 9473 215 42 206 777 317 373 175 
90 7889 1213 1030 55 309 30 750 442 
91 9365 5200 322 26 331 -1557 404 -514 
-514 9687 5200 313 230 91 -1557 -1028 v 
92 1523 1682 237 57 -1677 189 -1791 392 
93 9334 7934 226 142 -1508 769 654 714 
94 4354 8898 472 40 -2479 218 565 452 
95 6542 7743 84 94 333 -2287 226 -2289 
96 1401 1404 122 43 207 -2393 62 -2396 
-536 1072 1521 329 117 25 -1064 -1677 123 
97 4790 489 230 49 671 253 275 633 
98 5067 6073 2573 234 235 713 222 626 
99 7735 1213 80 119 508 30 2 775 
100 7450 8194 55 194 280 68 674 558 
101 9191 8331 496 393 188 -2412 37 550 
102 8652 7605 275 38 288 412 769 751 
103 759 1413 72 124 39 587 586 318 
104 3592 6869 31 236 414 371 432 16 
105 8469 2163 172 92 -567 -1912 263 58 
-567 6841 2163 1628 92 65 -1912 263 105 
-568 8641 2163 329 18 105 -1912 -1916 27 
106 4401 2000 212 152 -1994 -999 606 125 
107 5904 9638 146 345 85 -1296 456 401 
108 70 786 74 139 -1896 759 348 -1613 
-585 0 939 70 135 v 420 492 576 
109 1153 2136 64 119 -819 -2476 413 -2255 
110 9630 7777 57 157 172 301 714 550 
111 737 619 121 87 726 618 681 115 
112 8351 7405 205 48 303 -2463 412 649 
113 7923 159 130 379 595 537 48 238 
114 8138 7643 553 19 532 288 149 769 
115 858 619 173 87 111 -2343 681 498 
116 2143 538 188 44 663 698 350 504 
117 737 726 190 39 726 681 75 225 
118 6515 2878 3485 574 -2031 263 688 v 
119 4790 0 150 282 427 v 624 593 
120 215 1904 271 65 -944 461 -1550 13 
121 6282 4999 335 50 161 40 293 -2351 
122 2141 8793 103 50 -2048 66 360 382 
123 1401 1543 122 95 -536 62 -1677 189 
124 3854 1387 124 201 266 724 142 493 
125 4613 2000 767 152 106 46 606 213 
126 1036 2193 117 62 -1725 -819 413 109 
127 1941 2059 94 196 234 289 -2030 -2498 
128 1478 889 45 154 -1947 150 -2489 -2488 
129 0 8665 1599 52 v 276 617 -1353 
130 768 2166 262 27 487 151 -1725 -819 
131 4227 538 144 44 655 671 41 306 
132 8218 501 232 37 -1230 658 528 -1905 
133 9687 7588 128 155 337 354 -2236 544 
134 1361 1071 110 123 147 -2489 342 496 
-705 854 1183 507 11 42 607 136 134 
135 5126 8724 344 1276 248 557 v 85 
136 1355 1194 77 121 535 -705 -2393 342 
137 4215 7405 726 529 616 271 652 -722 
-722 4941 7584 74 350 137 12 652 10 
138 4978 9603 52 397 402 145 v 247 
139 5096 1962 284 38 429 -1862 125 213 
140 4009 7405 92 106 556 271 621 -2338 
141 1773 228 872 290 409 197 764 737 
142 3077 1588 901 667 747 257 -2031 -998 
143 6088 6861 768 544 -2447 -2046 630 774 
144 9610 215 30 247 174 317 499 571 
145 4978 9400 148 203 580 -2507 749 135 
146 134 1799 142 46 -934 474 461 -788 
-788 276 1799 210 46 146 474 696 13 
147 1272 1071 89 112 607 361 -705 134 
148 2035 881 1225 506 645 339 266 564 
149 8138 7662 553 272 532 114 -1508 769 
150 1398 830 125 59 311 463 128 553 
151 768 2136 262 30 487 -1941 130 -819 
-819 1030 2136 123 57 151 -2476 126 109 
152 4215 8313 326 411 632 652 667 557 
153 2951 4660 944 339 -2030 467 192 40 
154 7922 5353 1443 111 623 331 -2404 36 
155 9812 9783 64 200 -840 500 -1616 524 
-840 9749 9783 63 200 34 500 -1616 155 
156 4160 7554 55 112 -2338 616 214 137 
157 9090 7605 540 38 751 412 -2520 337 
158 7482 5734 158 339 611 87 98 626 
159 9365 5662 322 37 501 -2428 -1254 200 
160 9824 9305 52 478 500 727 155 310 
161 6122 4999 160 50 459 40 293 121 
162 9451 7453 179 152 543 649 157 337 
163 1553 9430 1013 570 579 168 v 723 
164 625 1043 71 87 229 376 -1718 770 
165 9546 215 43 247 175 317 499 174 
166 134 1740 219 27 -934 245 474 -2388 
167 0 4999 1599 2562 v 625 519 274 
168 324 9087 1244 343 50 525 163 294 
169 5462 4999 452 50 192 40 293 459 
170 452 2842 240 1041 625 743 353 413 
171 2942 7405 348 261 650 644 214 -2302 
172 9358 7670 272 214 769 -2520 431 110 
173 9865 9253 135 52 727 712 507 v 
174 9589 215 21 247 165 317 499 144 
175 9515 215 31 206 89 317 373 165 
176 8382 9923 415 60 -2450 377 185 385 
177 26 1740 30 194 291 568 329 -944 
-934 56 1740 78 164 177 -2266 -944 461 
-944 56 1904 159 30 177 -934 -1549 120 
178 1834 725 86 87 320 -2506 736 395 
179 9319 215 115 149 -1057 317 768 777 
180 8138 7453 114 152 532 303 288 412 
181 0 8724 386 167 v 617 -1566 332 
182 6716 7405 61 236 52 143 702 267 
183 6097 646 167 68 527 7 653 72 
184 301 58 129 57 -1979 231 260 680 
185 8707 9983 387 17 456 176 v 343 
186 8023 4535 1977 464 67 538 -1557 v 
187 544 2044 140 92 659 13 487 -1941 
188 8229 8331 962 393 598 465 765 101 
189 1523 1590 237 92 123 -2396 92 392 
190 4269 8938 239 53 477 -2479 268 565 
191 5988 8724 118 130 -987 557 255 334 
-987 5904 8724 84 130 85 557 255 191 
192 1851 4999 3611 50 531 -1653 293 169 
193 9687 6720 128 712 -2358 270 354 544 
194 4145 1811 27 444 321 720 -2031 606 
-998 3978 2219 167 36 142 728 -2031 194 
-999 4172 1811 431 189 194 720 106 46 
195 8080 538 153 44 48 -1230 84 609 
196 5637 1143 170 70 641 608 1 -2324 
197 1773 0 872 228 409 v 141 737 
198 6375 8787 81 67 23 -1355 255 -1357 
199 5009 8810 117 85 399 248 -2483 135 
200 9687 5430 190 923 404 -514 690 383 
-1028 9877 5430 123 141 200 -514 35 v 
201 179 618 297 22 211 -2100 272 520 
202 9889 0 111 58 8 v 78 v 
203 6635 8519 815 205 557 430 285 546 
204 3684 6976 207 31 16 772 567 49 
205 9123 215 142 62 638 317 -2377 -1057 
-1057 9265 215 54 62 205 317 -2377 179 
206 4988 329 298 28 624 -2354 569 486 
207 1227 1404 174 117 -2387 -2393 -536 62 
-1064 1072 1418 155 103 25 -2387 -536 207 
208 6303 7405 177 45 434 143 398 732 
209 3535 8826 61 88 -1068 545 -2503 468 
-1068 3324 8826 211 88 71 -2225 -2503 209 
210 4500 538 394 44 306 671 24 275 
211 84 605 95 91 405 344 536 272 
212 5144 582 397 164 24 275 394 368 
213 5380 1811 57 444 -1862 720 -2031 722 
214 2108 7666 2107 260 -2189 274 292 137 
215 5144 948 36 265 24 651 315 241 
-1108 4663 979 481 35 41 29 604 215 
-1112 4663 1060 481 153 41 19 315 215 
216 1964 8724 38 363 694 -1353 294 -2368 
217 5904 8895 117 96 85 255 735 236 
218 4354 8744 178 154 -2479 667 94 718 
219 8786 139 200 76 -2207 418 638 317 
220 8922 538 147 44 528 424 673 513 
221 6870 1948 34 177 572 -2469 -2509 676 
222 7090 6307 550 52 327 98 523 626 
223 205 2136 157 52 417 -2419 53 450 
224 3262 582 102 254 497 504 33 -2344 
225 927 726 123 41 117 681 692 677 
226 6542 7837 84 97 -1825 95 652 -2289 
227 6247 0 35 159 -1785 v 742 5 
228 3991 7003 325 153 49 -2259 -2007 446 
229 577 964 48 259 -1386 -1731 443 374 
230 7613 6468 27 194 -1478 523 622 626 
231 301 0 205 58 -1979 v 680 26 
232 1836 8301 869 181 -1352 -2219 -1353 -1205 
-1205 2705 8330 1510 152 232 -2077 -1353 152 
233 3190 662 72 174 710 497 33 224 
234 1877 1931 64 324 59 627 -2030 127 
235 1599 5049 3468 1187 167 531 748 98 
236 6021 8895 435 96 217 255 735 -1357 
237 1294 2186 229 43 -2255 560 326 672 
238 8053 159 18 379 113 537 48 -1230 
-1230 8071 501 147 37 238 -1872 195 132 
239 8696 279 427 82 534 638 715 746 
240 731 889 315 33 -1728 279 476 438 
241 5180 790 361 423 651 394 315 641 
242 7026 7706 707 86 335 464 421 478 
243 418 8724 173 37 570 617 362 684 
244 9365 5699 150 131 501 159 246 -1254 
-1254 9515 5699 172 131 244 159 246 200 
245 94 1608 179 132 -2266 -1754 166 32 
246 9365 5830 322 90 501 244 -2358 200 
247 5030 9941 96 59 138 355 v 135 
248 5009 8724 117 86 399 557 199 135 
249 6701 9959 339 24 302 416 456 -2311 
250 9763 215 237 323 585 258 -2325 v 
251 4956 7254 342 151 304 372 -1535 -1898 
252 1071 1245 179 70 739 561 -2393 535 
253 4790 407 496 82 671 -2431 -2434 486 
254 9560 8104 80 128 654 714 475 47 
255 5904 8854 552 41 85 -987 236 -1357 
256 5588 282 141 43 31 593 -2493 28 
257 3077 1573 777 15 747 266 142 124 
258 9701 175 299 40 317 77 250 v 
259 1288 8821 676 266 514 684 294 216 
260 30 115 627 423 502 679 490 603 
261 1396 457 377 61 757 409 698 141 
262 6456 9182 121 178 -1296 -1361 706 70 
-1296 5904 9182 552 456 85 -1361 397 706 
263 6515 2255 3485 623 -2031 65 118 v 
264 9733 1934 49 135 57 522 -2508 763 
265 5320 7405 175 529 -1535 -1898 652 771 
266 3077 1387 777 186 747 148 257 124 
267 6777 7473 14 461 182 630 -1921 471 
268 4093 8991 885 96 731 477 636 399 
269 509 2136 90 80 450 659 699 330 
270 9687 6353 128 367 -2358 200 193 690 
271 3684 7393 632 12 460 -2007 137 436 
272 179 640 297 56 211 201 -2212 520 
273 8904 1804 422 24 64 640 -2163 -1777 
274 1599 7405 658 261 167 79 214 744 
275 4894 538 616 44 210 97 212 705 
276 0 8174 1599 491 v 541 129 -1353 
-1352 1599 8301 237 181 276 -2219 -1353 232 
-1353 1599 8482 2616 242 276 -1352 667 152 
277 7505 7934 108 138 68 421 81 620 
278 6535 8724 28 458 -1355 557 262 15 
-1355 6375 8724 160 63 23 557 -1357 278 
-1357 6456 8787 79 289 198 -1355 -1361 278 
-1361 5904 9076 631 106 85 735 262 278 
279 711 830 104 59 660 726 240 529 
280 7130 7934 320 585 -1921 45 203 674 
281 9057 6861 630 544 -2463 -2358 337 193 
282 1787 8724 64 79 -1607 -1353 308 694 
283 1227 726 296 40 552 351 463 553 
284 245 925 79 65 472 -1613 451 -1386 
-1386 324 964 253 28 284 -1731 403 229 
285 7124 8724 1673 695 -2512 203 377 56 
286 8953 391 77 91 406 715 491 -2495 
287 7340 646 82 388 584 7 533 30 
288 8138 7605 514 38 532 180 114 102 
289 1941 1978 94 81 234 752 127 22 
290 9819 8866 52 343 756 415 712 410 
-1412 9871 8866 129 97 290 415 80 v 
291 0 1740 26 322 v 568 -2419 329 
292 1599 7926 2616 183 541 -2189 632 652 
293 5067 5049 1984 685 235 192 611 87 
294 1568 9087 665 343 168 259 163 761 
295 9205 341 53 197 758 -2377 513 296 
296 9258 341 61 197 295 -2377 513 373 
297 4874 8744 104 95 605 515 718 399 
298 841 248 138 290 518 745 693 505 
299 7505 8587 108 137 546 558 285 -2315 
300 5637 582 1785 6 368 705 7 30 
301 9630 7643 57 134 -2520 337 110 550 
302 6456 9959 245 24 -2460 384 456 249 
303 8138 7405 213 48 532 774 412 112 
304 4803 7173 153 88 668 521 6 251 
305 6923 6307 51 218 -1472 98 -2046 470 
-1472 1599 6307 5324 218 167 748 -2046 305 
306 4371 538 129 44 131 671 41 210 
307 7090 6468 183 40 327 82 479 -1478 
-1478 7273 6468 340 194 307 82 622 230 
308 1477 8803 374 18 -2443 340 259 694 
309 7872 1213 17 591 775 30 -2159 -2380 
310 9876 9485 47 368 160 -2155 530 482 
311 1111 830 287 59 612 677 -1947 150 
312 9293 1213 197 591 442 547 -1777 387 
313 7124 9923 252 60 594 377 456 419 
314 1895 7160 171 245 -2131 510 274 -1502 
-1502 2066 7250 189 155 314 -2327 274 83 
315 5091 1213 569 591 -2473 -1112 -2469 1 
316 8441 7934 192 191 369 149 542 -2409 
-1508 8633 7934 701 142 316 149 654 93 
317 8986 139 715 76 219 418 585 258 
318 831 1481 23 259 103 42 -1908 -2382 
319 9904 5944 96 106 383 469 328 v 
320 1714 725 120 87 -1521 -2506 736 178 
-1521 1594 725 120 19 76 -2506 -2245 320 
321 3978 1712 167 280 142 493 728 194 
-1527 4145 1712 946 92 321 -2119 720 315 
322 9719 8866 80 343 56 415 712 756 
323 2285 8880 518 58 382 -2499 -2040 754 
-1535 5248 7405 72 345 12 251 324 265 
324 5248 7750 72 89 10 -1535 54 265 
325 5738 489 154 49 426 -2493 705 742 
326 1294 2229 229 26 -2255 237 413 672 
327 7051 6307 39 554 470 98 -2462 622 
328 9904 6050 96 66 383 319 -1764 v 
329 26 1934 71 128 291 177 -2419 -1550 
-1549 97 1934 118 35 329 -944 -1550 120 
-1550 97 1969 389 93 329 -1549 -2419 659 
330 599 2194 169 61 269 487 413 375 
331 7922 4999 1443 354 623 614 154 404 
-1557 9365 4999 635 201 331 186 -514 v 
332 386 8890 32 182 181 570 525 682 
-1566 0 8891 386 181 v 181 525 332 
333 6480 7653 62 104 398 732 -1825 95 
334 6106 8809 206 45 191 358 255 23 
335 6877 7405 149 387 630 774 45 242 
336 70 1101 254 274 492 576 389 -1985 
337 9630 7405 57 238 -2405 281 301 133 
338 2372 582 246 299 597 504 148 691 
339 2035 748 257 133 645 61 148 88 
340 1477 8724 231 79 -2443 617 308 -1607 
-1607 1708 8724 79 79 340 -1353 308 282 
341 625 765 86 65 506 490 660 726 
-1613 144 786 481 139 108 759 -1731 376 
342 1432 1194 91 121 136 134 -2393 -2390 
343 9094 9983 446 17 185 385 v -1616 
-1616 9540 9983 460 17 343 385 v v 
344 84 538 311 67 405 260 -2100 554 
345 5892 0 117 89 593 v 359 390 
346 7087 8988 37 363 -2516 -2512 408 285 
347 6645 8724 286 143 -1630 203 -2513 -2511 
-1630 6563 8724 82 143 278 557 -2513 347 
348 70 925 86 65 -1896 108 451 472 
349 1752 6861 745 8 -2439 -2046 551 371 
350 2292 582 51 169 14 116 88 597 
351 1173 637 169 89 -2135 -2134 283 548 
352 1597 2183 163 72 672 -2477 413 602 
353 452 3883 240 1116 625 170 167 -1653 
-1653 692 4703 2259 296 353 413 192 153 
354 9687 7432 128 156 337 193 133 544 
355 5030 9866 96 75 138 749 247 135 
356 0 1293 37 234 v -2116 568 -1754 
357 8797 8724 194 123 285 188 56 765 
358 6106 8765 206 44 191 704 334 23 
359 5892 89 117 70 593 345 742 390 
360 2141 8843 103 59 -2048 122 489 382 
361 1123 1043 195 28 -1673 -2060 147 -2489 
-1673 854 1043 269 28 42 601 607 361 
362 418 8761 173 60 570 243 -2441 684 
-1677 1072 1638 451 53 25 -536 363 92 
363 1227 1691 296 49 -1678 -1677 425 60 
-1678 1072 1691 155 49 25 -1677 425 363 
364 2225 638 67 110 61 14 339 350 
365 9904 6265 96 88 383 -1764 690 v 
366 1217 538 82 81 -2452 -2148 -2134 488 
367 6164 9857 208 110 370 397 401 -2460 
368 5541 582 96 222 212 705 656 527 
369 7933 7934 508 169 721 566 55 316 
370 6050 9857 114 110 107 397 401 367 
371 2497 6861 1819 8 349 -2046 582 -1705 
372 4956 6861 342 393 -1705 -2046 251 -1898 
-1705 4316 6861 640 27 371 -2046 -1707 372 
-1707 3991 6888 965 17 49 582 38 372 
373 9319 421 227 117 296 768 610 499 
-1718 625 1130 206 57 229 164 -2424 42 
374 625 1187 38 206 229 -1718 39 665 
375 768 2193 167 62 487 130 413 -1725 
-1725 935 2193 101 62 375 130 413 126 
376 625 889 56 154 -1613 660 164 -1728 
-1728 681 889 50 154 376 660 770 601 
-1731 324 925 301 39 284 -1613 229 376 
377 7124 9419 1673 504 408 285 176 385 
378 4297 9410 231 388 647 631 -2403 402 
379 48 2136 44 119 700 -2419 625 -1750 
-1750 92 2181 113 74 379 417 625 699 
380 389 1514 158 94 -1754 708 -2089 -2085 
-1754 37 1514 352 94 356 708 32 380 
381 1594 582 120 61 76 437 -2506 -2505 
382 2244 8724 41 178 66 -1353 489 323 
383 9877 5944 27 409 200 469 690 365 
-1764 9904 6116 96 149 383 328 365 v 
384 6456 9887 121 72 -2460 706 302 416 
385 8797 9763 922 220 377 -2137 -1616 34 
386 8545 8200 156 131 563 542 188 -2412 
387 9490 1733 486 127 312 741 21 526 
-1777 9326 1804 164 24 273 312 -2163 387 
388 7889 1551 1030 201 309 664 640 442 
389 37 1375 588 20 356 492 687 39 
390 6009 0 107 159 345 v 742 -1785 
-1785 6116 0 131 159 390 v 742 227 
391 7262 788 78 246 -2295 584 533 287 
392 1760 1680 95 251 189 639 59 627 
-1791 1688 1739 72 270 60 92 -2320 602 
393 1760 1287 57 105 646 701 776 549 
394 5144 746 397 44 24 212 241 368 
395 1920 725 21 471 178 -2506 -2389 447 
396 9921 1638 55 95 741 -2229 387 526 
397 6050 9638 406 219 107 -1296 -2460 706 
398 5846 7450 634 484 771 449 652 -1825 
-1825 6480 7757 62 177 398 333 652 226 
399 4978 8724 31 370 515 557 719 -1830 
-1830 5009 9032 117 62 399 734 503 135 
400 2035 1387 77 640 44 148 22 747 
401 6050 9967 322 16 107 370 456 -2460 
402 4528 9410 450 388 378 580 -2403 138 
403 542 992 35 173 -1985 -1386 637 229 
404 9365 5226 322 205 331 91 36 200 
405 37 538 47 196 666 260 759 536 
406 8775 361 178 100 512 239 707 286 
407 4666 1811 41 189 46 720 125 429 
-1862 4707 1811 673 151 407 720 139 213 
408 7040 9351 84 229 70 -2516 594 377 
409 1218 0 555 457 -2148 v 261 141 
410 9871 9066 129 143 290 80 712 v 
411 8108 350 588 56 -1872 534 658 512 
-1872 8071 350 37 151 238 534 -1230 658 
412 8252 7453 1020 152 180 303 157 543 
413 692 2255 1179 2448 743 330 -1653 -2030 
414 3342 6869 250 98 600 371 69 104 
415 9719 8724 281 142 37 550 -1412 v 
416 6577 9506 463 453 706 70 249 -2311 
417 92 2136 113 45 379 -2419 -1750 223 
418 8786 0 581 139 -2207 v 317 661 
419 7376 9923 270 60 313 377 456 689 
420 0 786 37 153 v 759 -585 -1896 
-1896 37 786 33 153 420 759 -585 348 
421 7192 7792 679 142 45 242 721 -2427 
422 5389 6861 317 544 -1898 -2046 771 -2448 
-1898 5298 6861 91 544 372 -2046 265 422 
423 1523 895 71 130 128 553 -2488 -2487 
424 8696 482 256 56 658 707 220 491 
-1905 8450 501 246 37 132 658 528 424 
425 1121 1740 402 21 -1908 -1678 643 60 
-1908 353 1740 768 21 166 32 643 425 
426 5597 489 141 49 675 -2493 705 325 
427 3023 0 1767 42 683 v 86 119 
428 9508 2132 200 123 -1912 -2509 263 -2510 
-1912 6841 2132 2667 31 65 -2509 -1914 428 
-1914 9326 2163 182 18 27 -1912 -1916 428 
-1916 8641 2181 867 37 105 -568 -1918 428 
-1918 8970 2218 538 37 58 -1916 263 428 
429 4707 1962 389 38 407 -1862 125 139 
430 6635 7934 42 585 652 -2289 203 -1921 
-1921 6677 7934 453 585 430 581 203 280 
431 9358 7884 272 50 769 172 714 110 
432 3592 7105 54 300 69 104 433 -2004 
433 3503 7405 241 32 685 69 697 -2249 
434 6161 7405 142 45 449 143 398 208 
435 785 2044 216 92 -1941 13 151 -2476 
-1941 684 2044 101 92 187 13 151 435 
436 4316 7383 640 22 -2007 6 12 251 
437 1523 538 205 44 596 698 -2505 445 
438 1046 889 246 86 240 612 -2060 -1947 
-1947 1292 889 186 86 438 311 -2060 128 
439 3978 1387 167 158 124 724 -2119 -2473 
440 2635 7405 138 261 744 466 214 738 
441 625 1698 134 42 -1955 -2298 -1908 586 
-1955 522 1698 103 42 32 -2298 -1908 441 
442 8919 1213 374 591 90 547 273 312 
443 577 1223 48 152 637 229 389 374 
444 3112 9273 248 157 761 -2400 723 647 
445 1728 538 135 44 437 698 -2505 589 
446 4316 6953 226 220 -2259 562 668 521 
447 1941 949 18 297 395 629 540 711 
448 47 0 90 115 679 v 260 -1979 
-1979 137 0 164 115 448 v 260 184 
449 5846 7405 315 45 771 -2448 398 434 
450 362 2136 147 52 223 -2419 53 269 
451 70 990 254 37 -585 348 576 -1985 
-1985 324 992 218 383 451 -1386 389 637 
452 4826 8898 152 40 94 718 565 399 
453 657 0 184 213 26 v 518 745 
454 2609 9063 553 24 462 -2040 -2400 -2044 
455 4172 2000 44 152 194 -999 606 -1994 
-1994 4216 2000 185 152 455 -999 606 106 
456 5904 9983 2803 17 85 107 v 185 
457 7613 8446 50 130 81 592 -2315 598 
458 9944 7931 56 317 -2236 51 -2242 v 
459 5914 4999 208 50 169 40 293 161 
460 3665 7105 19 300 -2004 16 433 271 
-2004 3646 7105 19 300 432 16 433 460 
-2007 3684 7156 632 237 460 567 271 436 
461 134 1845 195 59 -934 146 120 696 
462 2392 8965 217 122 591 4 -2400 454 
463 1214 766 309 64 677 552 150 553 
464 7026 7405 707 301 335 774 242 478 
465 7848 8288 697 43 -2260 563 188 386 
466 2527 7382 267 23 83 20 738 644 
467 2951 2255 944 2405 -2030 747 153 40 
-2030 1871 2255 1080 2448 413 59 -1653 153 
-2031 3895 2255 2620 1226 467 142 40 63 
468 3596 8724 23 363 574 -1353 647 731 
-2040 2609 8938 987 125 4 323 -2044 468 
-2044 3162 9063 434 24 454 -2040 647 468 
469 9877 5858 123 86 200 35 319 v 
470 6974 6307 77 554 305 98 -2462 327 
-2046 1599 6525 5375 336 167 -1472 -2462 470 
471 6791 7473 86 461 267 630 -1921 45 
472 156 925 89 65 348 -1613 451 284 
473 2002 8724 49 183 216 -1353 -2368 -2367 
-2048 2051 8724 90 178 473 -1353 -2367 360 
474 134 1767 219 32 -934 166 -788 -2388 
475 9560 8232 127 99 654 254 101 550 
476 962 922 84 121 601 240 -1673 -2060 
-2060 1046 975 432 68 476 438 -2489 128 
477 4093 8938 176 53 731 -2479 268 190 
478 7733 7405 138 387 464 774 421 -2427 
479 7090 6508 183 100 327 307 484 -1478 
480 9365 5580 322 40 501 555 670 200 
481 5475 1968 37 287 722 773 -2031 628 
482 9923 9485 42 368 310 -2155 530 507 
483 4114 8109 27 221 -2219 292 -1205 -2363 
-2077 2705 8301 1409 29 232 -2219 -1205 483 
484 7090 6608 183 54 327 479 622 -1478 
485 625 1455 33 192 687 39 -2298 511 
-2085 547 1514 78 94 380 708 -2089 485 
-2089 522 1608 103 39 32 380 -2298 485 
486 5286 282 274 207 -2354 593 675 31 
487 599 2136 169 58 269 187 330 375 
488 1299 587 224 32 366 596 -2134 76 
489 2226 8902 59 185 634 360 -2400 591 
490 625 538 86 227 695 260 341 726 
-2100 179 605 446 13 211 344 520 490 
491 8952 482 171 56 424 707 513 746 
492 37 1074 33 301 -2116 -585 389 336 
-2116 0 1074 37 219 v -585 356 492 
493 3978 1545 49 167 124 439 321 -2119 
-2119 4027 1545 1064 167 493 439 -1527 315 
494 6626 7405 35 274 662 143 -2287 581 
495 1617 7140 89 198 -2438 678 578 -2131 
-2131 1706 7160 189 178 495 -2439 -2281 314 
496 1471 1071 52 123 134 -2489 342 -2490 
497 3190 582 72 80 710 504 233 224 
498 1031 619 68 87 115 -2343 681 -2135 
-2134 1099 619 424 18 498 -2343 548 76 
-2135 1099 637 74 69 498 -2134 681 351 
499 9546 462 94 76 373 165 -2325 571 
500 9719 9305 105 478 56 727 155 160 
-2137 8797 9741 922 22 377 56 385 500 
501 8248 5572 1117 320 626 648 9 246 
502 0 115 30 423 v 679 666 260 
503 5085 9094 41 306 762 -1830 145 135 
504 2331 538 1333 44 116 764 619 655 
505 979 0 149 538 745 v -2452 -2148 
-2148 1128 0 90 538 505 v 366 698 
506 241 734 384 52 759 536 -1613 341 
507 9965 9305 35 678 -2155 173 -1616 v 
-2155 9876 9305 89 180 160 173 482 507 
508 6670 1213 1065 591 1 -2324 -2159 -2525 
509 7596 1804 55 144 -2469 508 676 -2214 
-2159 7651 1804 818 24 509 508 -2163 64 
-2163 7651 1828 1839 106 509 -2159 -2214 522 
510 1752 6978 796 182 -2439 599 613 600 
511 658 1455 58 192 485 39 -2298 755 
512 8696 361 79 100 411 239 707 406 
513 9069 538 255 44 220 491 673 610 
514 658 8821 630 266 657 684 168 259 
515 4623 8724 355 20 667 557 297 399 
516 854 1245 111 70 42 561 642 739 
517 1981 693 22 256 629 760 711 645 
518 657 213 184 230 260 453 603 298 
519 1235 7561 364 109 74 167 541 -2189 
-2189 1599 7666 509 260 519 274 292 214 
520 476 618 149 78 201 -2100 -2212 490 
521 4542 6953 264 220 446 562 304 753 
522 9490 1879 486 55 -2163 21 717 526 
523 7561 6359 79 109 82 222 230 626 
524 9876 9910 89 73 155 530 -1616 507 
525 0 9072 418 15 v -1566 168 682 
526 9976 582 24 1352 573 -2325 717 v 
527 5637 646 460 388 368 7 -2324 733 
528 8376 538 546 44 609 132 673 220 
529 815 830 157 59 279 75 240 612 
530 9876 9853 89 57 155 310 524 507 
531 1599 4999 252 50 167 -1653 235 192 
532 7957 7405 181 529 -2426 774 369 149 
533 6780 1034 642 55 -2324 -2295 73 30 
534 8071 0 625 350 537 v 411 239 
-2207 8696 0 90 215 534 v 638 219 
535 1250 1194 105 121 561 -705 -2393 136 
536 84 696 208 38 405 211 506 -2212 
-2212 292 696 333 38 536 272 506 490 
537 7760 0 311 159 5 v 238 534 
538 8023 3452 1716 1083 67 118 186 688 
539 9508 1934 62 135 -2214 522 -2508 57 
-2214 7651 1934 1857 135 509 -2163 -2508 539 
540 1941 1246 94 120 701 447 44 148 
541 0 7670 1599 504 v 74 276 -2219 
-2219 1599 8109 2515 192 541 292 -2077 483 
542 8545 8125 156 75 563 316 386 -2412 
543 9272 7453 179 152 412 649 157 162 
544 9815 7234 152 509 193 690 51 -2223 
-2223 9967 7234 33 509 544 690 51 v 
545 3461 8773 135 53 -2225 574 209 468 
-2225 3162 8773 299 53 11 574 -1068 545 
546 7450 8586 55 138 203 674 285 299 
547 8786 659 704 554 84 673 312 573 
-2229 9490 1347 486 291 312 573 396 526 
548 1342 637 181 89 351 -2134 283 76 
549 1817 1287 28 216 393 701 -2478 -2231 
-2231 1845 1287 96 216 549 701 -2478 44 
550 9687 7743 79 981 301 133 415 -2242 
-2236 9766 7743 178 505 550 133 -2242 458 
-2242 9766 8248 234 476 550 -2236 415 v 
551 2304 6869 244 109 -2317 349 510 600 
552 1050 726 177 40 225 681 463 283 
553 1523 744 35 151 283 76 423 -2245 
-2245 1558 744 156 151 553 76 -2487 736 
554 395 538 146 67 344 260 -2100 695 
555 9365 5538 322 42 3 18 480 200 
556 3913 7405 96 54 -2249 271 -2446 140 
-2249 3744 7405 169 32 433 271 697 556 
557 4541 8313 2094 411 152 652 -1630 203 
558 7505 8072 15 515 68 277 299 81 
559 6645 9017 286 72 -2253 -2513 15 -2517 
-2253 6563 9017 82 72 278 -2513 15 559 
560 1294 2136 229 50 -2255 -2476 237 672 
-2255 1217 2136 77 119 109 -2476 413 326 
561 854 1194 396 51 42 -705 252 535 
562 4316 6905 497 48 -2259 -1707 753 38 
-2259 3991 6905 325 98 49 -1707 228 446 
563 7848 8125 697 163 -2260 620 465 386 
-2260 7784 8125 64 206 17 620 598 465 
564 3260 881 220 506 148 33 266 724 
565 4508 8938 470 53 190 94 268 399 
566 7888 7791 69 143 -2427 669 369 532 
567 3684 7007 307 149 16 204 -2007 228 
568 0 1527 37 213 v 356 177 -2266 
-2266 37 1608 57 132 568 -1754 -934 245 
569 5154 357 132 50 -2431 206 253 486 
570 386 8724 32 166 181 617 332 -2441 
571 9640 266 123 272 144 585 -2325 250 
572 6841 1948 29 177 65 -2469 -2509 221 
573 9490 582 486 765 673 610 -2229 526 
574 3162 8724 434 49 11 -1353 545 468 
575 2824 582 336 299 691 504 148 33 
576 70 1027 254 74 -585 451 336 -1985 
577 4009 7579 92 87 588 621 214 -2338 
578 1676 7338 76 67 79 495 274 -2281 
-2281 1752 7338 143 67 578 -2131 274 314 
579 0 9430 1553 570 v 50 v 163 
580 4445 9311 533 99 631 636 402 145 
581 6661 7405 24 529 494 143 -1921 -2457 
-2287 6542 7679 119 64 333 -2480 -2289 581 
-2289 6626 7743 35 191 95 -2287 430 581 
582 3991 6869 325 19 49 371 -1707 -1705 
583 7051 5249 589 171 293 725 87 623 
584 7262 646 78 142 -2295 7 391 287 
-2295 6346 646 916 388 72 7 533 391 
585 9640 215 123 51 144 317 571 250 
586 759 1537 72 203 755 103 -1908 318 
-2298 522 1647 237 51 32 -2089 441 586 
587 759 1327 72 86 665 635 103 42 
588 3503 7544 506 122 685 -2446 214 577 
-2302 3290 7596 213 70 171 685 214 588 
589 1863 538 115 44 445 698 760 663 
590 1111 1775 412 269 13 643 -2475 -2320 
591 2285 8938 107 149 489 323 -2400 462 
592 7613 8331 50 115 81 17 457 598 
593 4940 0 952 282 119 v 28 742 
594 7073 9580 51 403 -2311 408 456 313 
-2311 7040 9580 33 403 416 408 456 594 
595 6919 159 1004 379 742 5 48 113 
596 1299 538 224 49 366 698 488 76 
597 2343 582 29 299 350 504 148 338 
598 7663 8331 566 393 592 17 285 188 
-2315 7613 8576 50 148 81 457 285 598 
599 1752 6869 209 109 -2439 349 510 -2317 
-2317 1961 6869 343 109 599 349 510 551 
600 2548 6869 794 291 551 371 -2328 69 
601 731 922 231 121 -1728 240 -1673 476 
602 1760 1931 64 324 -1791 392 413 59 
-2320 1523 2009 237 35 590 60 -2475 602 
603 657 443 184 95 260 518 693 298 
604 4899 1014 245 46 19 -1108 -1112 215 
605 4532 8744 342 95 218 667 718 297 
606 4172 2152 1208 103 194 455 -2031 213 
607 854 1071 418 112 42 -1673 -705 147 
608 5637 1034 170 109 641 527 196 -2324 
-2324 5807 1034 973 179 608 527 508 73 
609 8233 538 143 44 195 132 84 528 
610 9324 538 226 44 513 373 573 -2325 
-2325 9550 538 450 44 610 499 526 v 
611 5873 5734 1609 339 713 293 98 158 
612 972 830 139 59 529 692 438 311 
613 2527 7160 330 208 -2327 510 20 -2328 
-2327 2066 7160 461 90 314 510 83 613 
-2328 2857 7160 485 208 613 600 20 69 
614 6831 3452 1167 1547 63 118 331 67 
615 9873 1934 45 321 763 522 263 717 
616 4160 7405 55 149 -2338 271 156 137 
-2338 4101 7405 59 261 140 271 214 156 
617 0 8717 1599 7 v 129 340 -1353 
618 737 538 88 81 726 603 111 -2343 
-2343 825 583 392 36 618 716 -2134 366 
619 3391 582 754 254 -2344 504 33 767 
-2344 3364 582 27 254 224 504 33 619 
620 7613 7968 320 157 277 721 563 55 
621 4009 7511 92 68 -2446 140 577 -2338 
622 7090 6662 550 199 327 484 -2462 626 
623 7640 4999 282 465 -2351 614 648 154 
-2351 6617 4999 1023 50 121 63 725 623 
624 4790 282 198 75 671 119 -2431 206 
-2354 4988 282 298 47 624 593 206 486 
625 0 2255 452 2744 v 700 167 353 
626 7640 5572 608 1289 87 648 709 -2358 
-2357 8248 5917 1117 3 626 9 -2358 246 
-2358 8248 5920 1439 941 626 -2357 281 193 
627 1855 1680 86 251 392 703 234 752 
628 5512 1948 910 307 773 -2469 -2031 65 
629 1941 693 40 256 -2506 760 711 517 
630 6777 7405 100 68 182 143 471 335 
631 4297 9311 148 99 647 636 378 580 
632 4185 8109 30 221 -2363 292 -1205 152 
-2363 4141 8109 44 221 483 292 -1205 632 
633 5020 489 103 49 97 253 275 -2434 
634 2192 8902 34 185 -2367 360 294 489 
-2367 2051 8902 141 5 473 -2048 -2368 634 
-2368 2002 8907 190 180 216 473 294 634 
635 759 1197 72 130 665 -2424 587 42 
636 4297 9087 681 224 647 268 580 -2507 
637 542 1165 35 210 -1985 403 389 443 
638 8696 215 427 64 534 -2207 239 -2377 
-2377 9123 277 196 64 638 205 296 179 
639 1760 1593 71 87 189 730 392 703 
640 8421 1752 498 52 -2380 388 273 442 
-2380 7889 1752 532 52 309 388 -2159 640 
641 5541 880 96 333 241 656 315 196 
642 882 1315 134 103 -2382 516 25 -2387 
-2382 854 1315 28 425 42 516 -1908 25 
-2387 1016 1404 211 14 642 -2393 -1064 207 
643 486 1761 1037 14 -2388 -1908 590 60 
-2388 353 1761 133 38 166 -1908 -788 13 
644 2794 7382 548 23 466 20 685 69 
645 2003 693 32 256 517 760 711 148 
-2389 1523 1196 418 29 342 -2490 701 447 
646 1539 1225 221 365 -2390 -2389 189 730 
-2390 1523 1225 16 90 342 -2389 -2393 646 
-2393 1016 1315 523 89 642 739 -2396 646 
-2396 1523 1404 16 186 96 -2393 189 646 
647 3360 9087 937 913 -2400 -2044 v -2403 
-2400 2233 9087 1127 186 294 489 444 647 
-2403 4297 9798 681 202 647 378 v 138 
648 7640 5464 1263 108 87 623 501 3 
-2404 8903 5464 462 40 648 154 3 36 
649 8556 7405 925 48 112 -2463 162 -2405 
-2405 9481 7405 149 48 649 281 162 337 
650 2796 7405 146 261 738 644 214 171 
651 5144 790 36 158 24 394 215 241 
652 4215 7934 2420 379 292 137 557 430 
653 6226 714 120 320 -2481 183 -2324 -2295 
654 9245 8076 315 255 -2409 -1508 101 475 
-2409 8633 8076 612 49 316 -1508 -2412 654 
-2412 8701 8125 544 206 542 -2409 101 654 
655 3664 538 563 44 504 671 767 131 
656 5541 804 96 76 241 368 641 527 
657 608 8821 50 266 -2441 684 168 514 
658 8108 406 588 95 -1872 411 -1905 424 
659 486 2044 58 92 -1550 13 269 187 
-2419 0 2062 486 74 v 291 450 659 
660 625 830 86 59 -1613 341 -1728 279 
661 9367 0 334 139 418 v 317 77 
662 6542 7405 84 141 732 143 -2480 494 
663 1978 538 165 44 589 698 14 116 
664 7889 1486 1030 65 309 750 388 442 
665 663 1187 96 206 374 -1718 39 587 
-2424 759 1187 72 10 665 -1718 635 42 
666 0 538 37 196 v 502 759 405 
667 3619 8724 1004 20 468 -1353 605 515 
668 4316 7173 487 88 -2007 446 6 304 
-2426 7871 7405 86 173 478 774 669 532 
669 7888 7578 69 213 -2427 -2426 566 532 
-2427 7871 7578 17 356 478 -2426 721 566 
670 9536 5620 151 42 -2428 480 159 200 
-2428 9365 5620 171 42 501 480 159 670 
671 2662 121 2128 417 737 740 210 97 
-2431 4790 357 364 50 671 624 253 569 
672 1523 2183 74 72 560 -2477 413 352 
673 8786 582 704 77 84 528 547 573 
674 7450 8388 55 198 280 100 546 558 
675 5454 489 143 49 -2434 486 705 426 
-2434 5123 489 331 49 633 253 275 675 
676 6904 1948 747 177 221 -2469 -2509 -2508 
677 1050 766 164 64 225 552 311 463 
678 1617 6861 89 279 -2438 -2046 495 -2439 
-2438 1599 6861 18 477 167 -2046 79 495 
-2439 1706 6861 46 299 678 -2046 -2131 510 
679 0 0 47 115 v v 260 448 
680 430 58 227 57 184 231 260 453 
681 737 706 436 20 726 111 552 351 
-2441 418 8821 190 125 570 362 682 657 
682 418 8946 190 141 332 -2441 168 657 
683 2662 0 361 42 737 v 86 427 
684 591 8724 786 97 243 617 259 -2443 
-2443 1377 8724 100 97 684 617 259 308 
685 3290 7405 213 191 171 644 -2302 588 
-2445 3503 7457 410 2 685 697 -2446 556 
-2446 3503 7459 506 85 685 -2445 588 621 
-2447 5706 6861 382 129 422 -2046 686 143 
686 5996 6990 92 415 -2448 -2447 449 143 
-2448 5706 6990 290 415 422 -2447 449 686 
687 37 1395 588 87 356 389 708 485 
688 9739 3452 261 1083 538 118 186 v 
689 7646 9923 217 60 419 377 456 -2450 
-2450 7863 9923 519 60 689 377 456 176 
690 9815 6353 185 881 270 200 -2223 v 
691 2618 582 206 299 338 504 148 575 
692 927 767 123 63 75 225 612 677 
693 825 538 273 25 618 603 716 -2452 
-2452 1098 538 119 45 693 505 -2343 366 
694 1851 8724 113 97 282 -1353 259 216 
695 541 538 84 67 554 260 -2100 490 
696 329 1845 157 59 461 -788 120 13 
697 3503 7437 410 20 685 433 -2445 556 
698 1218 518 974 20 -2148 757 116 764 
699 205 2216 394 39 -1750 53 743 330 
700 0 2136 48 119 v -2419 625 379 
701 1760 1225 181 62 646 -2389 -2231 540 
702 6745 7641 32 293 -2457 182 -1921 267 
-2457 6685 7641 60 293 581 52 -1921 702 
703 1831 1593 110 87 639 -2478 627 44 
704 6106 8724 206 41 191 557 358 23 
705 5510 538 1543 44 275 675 300 -2458 
-2458 7053 538 840 44 705 595 30 48 
706 6456 9360 121 527 -1296 262 384 416 
-2460 6372 9857 84 126 367 397 456 302 
707 8696 461 257 21 658 512 491 286 
708 37 1482 588 32 356 687 -2085 485 
709 7677 6861 638 216 -2462 626 774 -2463 
-2462 6856 6861 821 216 143 -2046 774 709 
-2463 8315 6861 742 544 709 -2358 649 281 
710 3160 582 30 254 575 504 33 233 
711 1959 949 76 297 447 629 540 148 
712 9719 9209 281 44 56 322 173 v 
713 5067 5734 806 339 235 293 98 611 
714 9560 7934 127 170 93 431 47 550 
715 8953 361 170 30 406 239 -2495 746 
716 825 563 273 20 618 693 -2343 -2452 
717 9918 1934 82 321 615 522 263 v 
718 4532 8839 446 59 218 605 452 399 
719 4978 9094 58 154 636 399 -2507 762 
720 4145 1804 1367 7 321 -1527 773 -2469 
-2469 5512 1804 2084 144 720 315 676 509 
721 7613 7934 320 34 277 421 620 369 
722 5437 1811 38 444 213 720 -2031 481 
723 2566 9430 794 570 163 761 v 647 
724 3480 881 665 506 564 33 439 -2473 
-2473 4145 1213 946 332 724 767 -2119 315 
725 7051 5049 589 200 293 -2351 583 623 
726 711 538 26 292 490 603 279 75 
727 9719 9253 146 52 56 712 160 173 
728 3978 1992 167 227 142 321 -998 194 
-2475 1001 2044 759 43 435 13 729 602 
729 1688 2087 72 96 -2476 -2475 352 602 
-2476 1001 2087 687 49 435 -2475 -2477 729 
-2477 1523 2136 165 47 560 -2476 352 729 
730 1760 1503 65 90 646 776 639 -2478 
-2478 1825 1503 116 90 730 549 703 44 
731 3619 8744 474 343 468 667 647 268 
-2479 4093 8744 261 194 731 667 190 94 
732 6480 7405 62 248 208 143 333 -2480 
-2480 6542 7546 84 133 732 662 -2287 494 
733 6097 714 61 320 527 183 -2324 -2481 
-2481 6158 714 68 320 733 183 -2324 653 
-2483 5009 8895 117 63 399 199 734 135 
734 5009 8958 117 74 399 -2483 -1830 135 
735 5904 8991 552 85 85 217 -1361 -1357 
736 1714 812 206 384 -2245 320 -2389 395 
-2487 1594 895 120 130 423 -2245 -2488 736 
-2488 1523 1025 191 18 128 423 -2489 736 
-2489 1318 1043 396 28 361 -2060 -2490 736 
-2490 1523 1071 191 125 496 -2489 -2389 736 
737 2645 0 17 538 197 v 504 671 
738 2773 7405 23 261 440 466 214 650 
739 965 1245 106 70 516 561 -2393 252 
740 2662 42 102 79 737 683 671 86 
741 9490 1638 431 95 312 -2229 387 396 
742 5892 159 1027 379 593 359 705 595 
-2493 5588 325 304 164 31 256 325 742 
743 452 2255 240 587 625 699 170 413 
744 2257 7405 378 261 274 83 214 440 
745 841 0 138 248 453 v 298 505 
746 9123 341 40 197 239 -2377 513 758 
-2495 9030 391 93 91 286 715 491 746 
747 2112 1387 965 868 400 148 467 142 
-2498 2035 2125 77 130 127 22 -2030 747 
748 1599 6236 3468 71 167 235 -1472 98 
749 5030 9603 96 263 138 145 355 135 
750 7889 1268 1030 218 309 90 664 442 
751 8927 7605 163 38 102 412 769 157 
752 1941 1859 94 119 627 44 289 400 
753 4806 6953 150 220 521 562 304 372 
754 2803 8724 238 214 -2499 -1353 -2040 -2503 
-2499 2285 8724 518 156 382 -1353 323 754 
-2501 3041 8855 121 59 754 11 -2503 71 
-2503 3041 8914 555 24 754 -2501 -2040 468 
755 716 1455 43 192 511 39 -2298 586 
756 9799 8866 20 343 322 415 712 290 
757 1218 457 178 61 -2148 409 698 261 
758 9163 341 42 197 746 -2377 513 295 
759 0 734 241 52 v 666 -1613 506 
760 1941 582 94 111 -2505 589 645 61 
-2505 1714 582 227 61 381 437 -2506 760 
-2506 1594 643 347 82 76 381 395 629 
761 2233 9273 879 157 294 -2400 723 444 
762 5036 9094 49 306 719 -1830 145 503 
-2507 4978 9248 58 152 636 719 145 762 
763 9782 1934 91 321 264 522 263 615 
-2508 7651 2069 2131 56 676 -2214 -2509 763 
-2509 6841 2125 2941 7 65 572 -2510 763 
-2510 9708 2132 74 123 428 -2509 263 763 
764 2192 518 453 20 698 141 504 737 
765 8991 8724 504 123 357 188 56 37 
766 7019 8724 21 458 -2511 203 70 -2516 
-2511 6931 8724 88 143 347 203 -2513 766 
-2512 7040 8724 84 264 766 203 346 285 
-2513 6563 8867 456 150 278 -1630 -2517 766 
-2516 7040 8988 47 363 766 -2512 408 346 
-2517 6931 9017 88 165 559 -2513 70 766 
767 4145 582 196 631 619 655 -2473 41 
768 9319 364 115 57 296 179 373 777 
769 8691 7643 667 291 114 102 93 431 
-2520 9358 7643 272 27 769 157 172 301 
770 696 1043 63 87 164 -1728 -1718 -2521 
-2521 759 1043 72 87 770 601 -1718 42 
771 5495 7405 351 529 265 422 652 398 
-2522 3684 6869 207 79 16 371 772 49 
772 3684 6948 207 28 16 -2522 204 49 
773 5475 1811 37 157 722 720 481 628 
774 6856 7077 1459 328 143 -2462 303 -2463 
775 7815 1213 57 591 99 30 -2159 309 
-2525 7735 1624 80 180 508 2 -2159 775 
776 1760 1392 57 111 646 393 730 549 
777 9434 215 39 206 179 317 373 89 
