291
10000 10000
1 5660 1213 1010 591 -199 -398 -338 -5 
-5 6670 1624 3330 180 1 -8 -339 v 
-7 6670 1268 3330 64 1 -509 -9 v 
2 7735 1332 80 292 -8 -7 -5 -9 
-8 6670 1332 1065 292 1 -7 -5 2 
-9 7815 1332 2185 292 2 -7 -5 v 
3 8903 5504 462 68 -488 -486 -490 -154 
4 2392 8938 217 27 -16 -453 -457 -455 
-16 0 8938 2392 27 v -453 -457 4 
5 6282 0 1478 159 -476 v -411 -410 
-19 0 121 6282 38 v -479 -411 5 
6 4316 7261 640 122 -377 -375 -382 -24 
-24 4956 7261 5044 122 6 -375 -382 v 
7 5637 588 1785 58 -101 -125 -396 30 
8 9746 0 143 175 77 v -501 -31 
-31 9889 124 111 51 8 78 -501 v 
-35 0 5858 10000 34 v -155 -37 v 
9 8248 5892 1117 25 -36 -35 -435 -37 
-36 0 5892 8248 25 v -35 -435 9 
-37 9365 5892 635 25 9 -35 -435 v 
10 5015 7584 233 350 -402 12 -365 54 
-40 0 7670 5015 264 v 74 -365 10 
-43 0 8587 10000 137 v -431 -422 v 
11 3041 8724 121 131 -361 -43 -392 71 
-44 0 8793 3041 62 v -360 -392 11 
12 4941 7405 307 179 -400 -382 10 -249 
13 486 1775 625 269 -51 -318 -300 -294 
-51 0 1775 486 269 v -318 -300 13 
14 2035 582 257 56 -409 -230 -328 -177 
-57 0 744 2035 4 v -408 -491 61 
15 6563 9089 368 93 -462 -452 70 -275 
-66 0 6468 10000 401 v -436 -234 v 
16 3623 6869 61 236 -371 -66 -375 -68 
-68 3684 7007 6316 98 16 -233 -375 v 
17 7613 8125 171 206 81 -429 -433 -72 
-72 7784 8232 2216 99 17 -227 -433 v 
18 9365 5509 322 29 3 36 -153 -158 
19 4663 1014 236 46 41 -182 -397 -132 
20 2527 7368 815 14 83 -440 -445 69 
21 9490 1860 486 19 -220 -216 -282 -87 
-87 9976 1860 24 19 21 -216 -282 v 
22 2035 2027 77 98 -299 -345 -351 -347 
23 6312 8724 63 130 -448 -43 -452 -263 
24 4721 582 423 397 43 -230 -182 -128 
-101 5144 588 493 58 24 -125 -395 7 
25 882 1418 190 322 -195 -200 -318 -516 
26 506 0 151 58 -111 v -479 -477 
-111 0 0 506 58 v v -479 26 
27 8970 2163 356 18 -354 -350 -356 -116 
-116 9326 2163 674 18 27 -350 -356 v 
28 5729 282 163 43 -138 -502 -506 -504 
29 4663 582 38 397 41 -230 -182 43 
30 7422 582 774 631 -125 -230 90 84 
-125 5144 582 2278 6 24 -230 7 30 
-128 5144 714 2278 265 24 -395 -182 30 
-132 4899 1014 2523 46 19 -182 -397 30 
31 5560 282 28 207 -137 -502 -229 -140 
-137 0 282 5560 207 v -502 -229 31 
-138 5588 282 141 43 31 -502 -506 28 
-140 5588 421 4412 68 31 -506 -229 v 
-141 0 1481 882 127 v -196 -143 25 
32 273 1608 249 132 -142 -141 -318 -143 
-142 0 1608 273 132 v -141 -318 32 
-143 522 1608 360 132 32 -141 -318 25 
33 3160 836 985 45 -499 -493 -187 -179 
34 9719 9783 30 200 -472 -470 -474 -151 
-151 9749 9783 251 200 34 -470 -474 v 
-153 9365 5538 635 33 3 18 35 v 
35 9877 5571 123 287 -154 -153 -35 v 
-154 9365 5571 512 1 3 -153 -490 35 
-155 0 5734 9877 124 v -483 -35 35 
36 9365 5431 322 78 -486 -484 18 -158 
-158 9687 5431 313 107 36 -484 -153 v 
37 9495 8724 224 123 -161 -43 56 -422 
-161 6375 8724 3120 123 23 -43 56 37 
-162 9719 9066 281 675 56 -423 -470 v 
38 4813 6905 143 48 -236 -234 -238 -166 
-166 4956 6905 5044 48 38 -234 -238 v 
39 625 1393 134 62 -169 -188 -196 -192 
-169 0 1393 625 62 v -188 -196 39 
40 3895 3481 2620 1518 -175 -334 -512 63 
-175 0 3481 3895 1518 v -334 -512 40 
41 4341 582 322 631 -177 -230 -199 -398 
-177 2292 582 2049 56 14 -230 -328 41 
-179 4145 836 196 45 33 -493 -187 41 
-182 4663 979 2759 35 41 29 -132 30 
-187 0 881 4341 162 v -496 -189 41 
42 831 1043 23 438 -188 -187 -141 -195 
-188 0 1043 831 350 v -187 -192 42 
-189 854 1043 3487 170 42 -187 -199 41 
-192 759 1393 72 62 39 -188 -196 42 
-195 854 1418 28 63 42 -200 -141 25 
-196 0 1455 831 26 v -169 -141 42 
43 4701 582 20 397 29 -230 -182 24 
-199 854 1213 4806 153 42 -189 -201 1 
44 1941 1366 94 493 -200 -199 -323 -215 
-200 854 1366 1087 52 42 -199 -330 44 
-201 2035 1366 3625 438 44 -199 -338 1 
45 6877 7792 315 142 -255 -246 -365 -212 
-212 7192 7931 2808 3 45 -247 -425 v 
46 4603 1811 63 189 -215 -338 -345 -343 
-215 2035 1811 2568 48 44 -338 -323 46 
-216 4666 1828 5334 32 46 -340 -87 v 
-220 4666 1860 4824 19 46 -216 -282 21 
47 9640 8104 47 128 -261 -259 -72 -226 
-226 9687 8104 313 128 47 -259 -72 v 
-227 7784 8125 1856 107 17 -429 -72 47 
-229 0 489 10000 49 v -137 -231 v 
48 7893 538 187 44 -230 -229 30 -231 
-230 0 538 7893 44 v -229 30 48 
-231 8080 538 1920 44 48 -229 -446 v 
49 3891 6869 100 138 -233 -66 -68 -238 
-233 3684 6869 207 138 16 -66 -68 49 
-234 3991 6869 6009 36 49 -66 -166 v 
-236 3991 6905 822 48 49 -234 -238 38 
-238 3991 6953 6009 54 49 -236 -68 v 
50 0 9087 324 343 v -457 -465 -459 
-245 5248 7641 4752 102 10 -249 51 v 
51 9944 7743 56 188 -246 -245 -212 v 
-246 5248 7743 4696 49 10 -245 -247 51 
-247 7192 7792 2752 139 45 -246 -212 51 
52 6685 7405 31 236 -249 -382 -245 -250 
-249 5248 7405 1437 236 12 -382 -245 52 
-250 6716 7405 3284 236 52 -382 -245 v 
53 205 2188 304 28 -253 -300 -310 -308 
-253 0 2188 205 28 v -300 -310 53 
-255 5248 7792 1629 47 10 -246 -256 45 
54 5248 7839 72 95 10 -255 -365 -256 
-256 5320 7839 1557 95 54 -255 -365 45 
55 7933 8103 508 22 -429 -427 -227 -261 
-259 8441 8103 1559 1 55 -427 -226 v 
-261 8441 8104 1199 21 55 -259 -227 47 
56 8797 8847 922 894 -263 -161 -470 -162 
-263 6375 8847 2422 7 23 -161 -452 56 
-275 6931 9089 1866 93 15 -452 -385 56 
-282 4666 1879 5334 55 46 -220 -284 v 
57 9570 1934 163 135 -342 -282 -350 -284 
-284 9733 1934 267 135 57 -282 -350 v 
58 8641 2218 329 37 -358 -356 -333 -292 
-292 8970 2218 1030 37 58 -356 -333 v 
59 1824 1931 53 324 -325 -323 -333 -351 
-294 1111 2009 713 35 13 -320 -300 59 
-295 1877 1931 2726 69 59 -323 -345 46 
-299 1877 2027 158 98 59 -345 -351 22 
-300 0 2044 1824 144 v -51 -308 59 
-308 509 2188 1315 28 53 -300 -310 59 
-310 0 2216 1824 39 v -253 -333 59 
60 1523 1739 165 270 -516 92 -294 -325 
-317 1688 1739 253 120 60 92 -323 44 
-318 0 1740 1523 35 v -142 -320 60 
-320 1111 1775 412 234 13 -318 -294 60 
-323 1688 1859 2915 72 60 -317 -295 46 
-325 1688 1931 136 78 60 -323 -294 59 
61 2035 638 190 110 -409 14 -491 -328 
-328 2225 638 2116 110 61 14 -491 41 
-330 1072 1418 869 29 25 -200 -332 44 
62 1401 1447 122 96 -331 -330 -515 -332 
-331 1072 1447 329 96 25 -330 -515 62 
-332 1523 1447 418 96 62 -330 -515 44 
-333 0 2255 10000 1197 v -310 -363 v 
63 6515 3452 316 1547 -334 -333 -512 -362 
-334 0 3452 6515 29 v -333 40 63 
64 8469 1804 435 24 -338 -5 -216 -339 
-338 2035 1804 6434 7 44 -201 -340 64 
-339 8904 1804 1096 24 64 -5 -216 v 
-340 4666 1811 3803 17 46 -338 -216 64 
-342 4666 1934 4904 14 46 -282 -344 57 
65 6422 1948 419 307 -343 -342 -333 -358 
-343 4666 1948 1756 52 46 -342 -345 65 
-344 6841 1948 2729 121 65 -342 -350 57 
-345 1877 2000 4545 27 59 -295 -347 65 
-347 2112 2027 4310 98 22 -345 -351 65 
-350 6841 2069 3159 94 65 -344 -116 v 
-351 1877 2125 4545 130 59 -299 -333 65 
-354 6841 2163 2129 18 65 -350 -356 27 
-356 6841 2181 3159 37 65 -354 -292 v 
-358 6841 2218 1800 37 65 -356 -333 58 
66 2141 8724 103 69 -360 -43 -44 -361 
-360 0 8724 2141 69 v -43 -44 66 
-361 2244 8724 797 69 66 -43 -44 11 
67 7998 3452 25 1547 -362 -333 -512 -363 
-362 6831 3452 1167 1547 63 -333 -512 67 
-363 8023 3452 1977 1547 67 -333 -512 v 
68 7450 7934 55 260 -365 -212 -431 -426 
-365 0 7934 7450 260 v -40 -431 68 
-371 0 6869 3623 98 v -66 -373 16 
69 3342 6967 250 438 -438 -371 -400 -382 
-373 3592 6967 31 138 69 -371 -375 16 
-375 3592 7105 6408 156 69 -373 -24 v 
-377 3592 7261 724 122 69 -375 -382 6 
-382 3592 7383 6408 22 69 -377 -250 v 
70 6577 9182 463 324 -464 15 -468 -385 
-385 7040 9182 1757 324 70 -275 -468 56 
71 3162 8826 162 88 11 -447 -453 -449 
-392 0 8855 3162 59 v -44 -453 71 
72 6264 646 82 68 -395 7 -128 -396 
-395 5144 646 1120 68 24 -101 -128 72 
-396 6346 646 1076 68 72 7 -128 30 
-397 4663 1060 2759 29 41 19 73 30 
73 6780 1089 642 124 -398 -397 -509 30 
-398 4663 1089 2117 124 41 -397 -509 73 
-400 0 7405 4941 156 v -415 -401 12 
74 0 7561 1235 109 v -400 -40 -402 
-401 1235 7561 3706 23 74 -400 -402 12 
-402 1235 7584 3780 86 74 -401 -40 10 
75 737 765 190 65 -405 -492 -496 -494 
-405 0 765 737 65 v -492 -496 75 
76 1523 582 71 162 -408 -230 -57 -409 
-408 0 582 1523 162 v -230 -57 76 
-409 1594 582 441 162 76 -230 -57 61 
77 9701 0 45 175 -410 v -501 8 
-410 7760 0 1941 159 5 v -411 77 
-411 0 159 9701 16 v -19 -501 77 
-413 9889 0 111 58 8 v 78 v 
78 9889 58 111 66 8 -413 -31 v 
79 1599 7338 77 67 -415 -439 -400 -441 
-415 0 7338 1599 67 v -439 -400 79 
-422 9719 8724 281 239 37 -43 80 v 
80 9871 8963 129 103 -423 -422 -162 v 
-423 9719 8963 152 103 56 -422 -162 80 
-425 7505 7934 2495 138 68 -212 -427 v 
81 7520 8072 93 515 -426 -425 -43 -433 
-426 7505 8072 15 122 68 -425 -431 81 
-427 7613 8072 2387 31 81 -425 -259 v 
-429 7613 8103 320 22 81 -427 -227 55 
-431 0 8194 7520 393 v -365 -43 81 
-433 7613 8331 2387 256 81 17 -43 v 
-435 0 5917 10000 442 v -36 -437 v 
82 7090 6359 471 109 -436 -435 -66 -437 
-436 0 6359 7090 109 v -435 -66 82 
-437 7561 6359 2439 109 82 -435 -66 v 
-438 0 6967 3342 283 v -371 -440 69 
83 2255 7250 272 155 -439 -438 -400 -445 
-439 0 7250 2255 88 v -438 -441 83 
-440 2527 7250 815 118 83 -438 20 69 
-441 1676 7338 579 67 79 -439 -400 83 
-445 2527 7382 815 23 83 20 -400 69 
84 8196 582 590 631 30 -231 90 -446 
-446 8786 582 1214 631 84 -231 -510 v 
85 5470 8724 434 1276 -447 -43 v -474 
-447 3162 8724 2308 102 11 -43 -449 85 
-448 5904 8724 408 130 85 -43 -452 23 
-449 3324 8826 2146 88 71 -447 -453 85 
-452 5904 8854 2893 235 85 -448 -275 56 
-453 0 8914 5470 24 v -392 -455 85 
-455 2609 8938 2861 27 4 -453 -457 85 
-457 0 8965 5470 122 v -16 -459 85 
-459 324 9087 5146 343 50 -457 -465 85 
-462 5904 9089 659 93 85 -452 -464 15 
-464 5904 9182 673 324 85 -462 -468 70 
-465 0 9430 5470 570 v 50 v 85 
-468 5904 9506 2893 235 85 -464 -470 56 
-470 5904 9741 4096 42 85 -468 -151 v 
-472 5904 9783 3815 200 85 -470 -474 34 
-474 5904 9983 4096 17 85 -472 v v 
-476 657 0 5625 42 26 v -478 5 
86 2764 42 2026 79 -477 -476 -19 -478 
-477 657 42 2107 16 26 -476 -479 86 
-478 4790 42 1492 79 86 -476 -19 5 
-479 0 58 2764 63 v -111 -19 86 
-482 0 5226 10000 194 v -513 -484 v 
87 7051 5420 589 314 -483 -482 -155 -490 
-483 0 5420 7051 314 v -482 -155 87 
-484 7640 5420 2360 11 87 -482 -158 v 
-486 7640 5431 1725 73 87 -484 3 36 
-488 7640 5504 1263 68 87 -486 -490 3 
-490 7640 5572 2237 162 87 -488 -155 35 
-491 0 748 4341 3 v -57 -493 41 
88 2292 751 51 130 -492 -491 -187 -499 
-492 0 751 2292 14 v -491 -494 88 
-493 2343 751 1998 85 88 -491 -179 41 
-494 927 765 1365 65 75 -492 -496 88 
-496 0 830 2292 51 v -405 -187 88 
-499 2343 836 817 45 88 -493 -187 33 
-501 0 175 10000 40 v -411 -503 v 
89 9473 215 42 206 -502 -501 -140 -503 
-502 0 215 9473 67 v -501 -504 89 
-503 9515 215 485 206 89 -501 -140 v 
-504 5892 282 3581 43 28 -502 -506 89 
-506 5588 325 3885 96 31 -138 -140 89 
90 7889 1213 1030 55 -509 30 -7 -510 
-509 6670 1213 1219 55 1 -398 -7 90 
-510 8919 1213 1081 55 90 -446 -7 v 
-512 0 4999 10000 201 v -175 -514 v 
91 9365 5200 322 26 -513 -512 -482 -514 
-513 0 5200 9365 26 v -512 -482 91 
-514 9687 5200 313 26 91 -512 -482 v 
-515 1072 1543 869 139 25 -331 -517 44 
92 1523 1682 237 57 -516 -515 -317 -517 
-516 1072 1682 451 58 25 -515 -318 60 
-517 1760 1682 181 57 92 -515 -317 44 
