141
10000 10000
-1 0 9983 10000 17 v -150 v v 
1 5660 1213 1010 591 -168 -134 -85 -5 
-5 6670 1624 3330 180 1 -8 -85 v 
-7 6670 1213 3330 119 1 -134 -9 v 
2 7735 1332 80 292 -8 -7 -5 -9 
-8 6670 1332 1065 292 1 -7 -5 2 
-9 7815 1332 2185 292 2 -7 -5 v 
3 8903 5504 462 68 -12 -157 -155 -154 
-12 0 5504 8903 68 v -157 -155 3 
-15 0 8855 10000 83 v -44 -17 v 
4 2392 8938 217 27 -16 -15 -62 -17 
-16 0 8938 2392 27 v -15 -62 4 
-17 2609 8938 7391 27 4 -15 -62 v 
5 6282 0 1478 159 -112 v -32 -30 
-19 0 58 6282 101 v -111 -32 5 
-22 0 7105 10000 156 v -67 -24 v 
6 4316 7261 640 122 -81 -22 -46 -24 
-23 0 7382 4316 1 v -82 -46 6 
-24 4956 7261 5044 122 6 -22 -46 v 
7 5637 588 1785 58 -101 -125 -128 30 
8 9746 0 143 175 -30 v -118 -31 
-30 7760 0 1986 159 5 v -32 8 
-31 9889 0 111 175 8 v -118 v 
-32 0 159 9746 16 v -19 -118 8 
-35 0 5858 10000 34 v -155 -37 v 
9 8248 5892 1117 25 -36 -35 -66 -37 
-36 0 5892 8248 25 v -35 -66 9 
-37 9365 5892 635 25 9 -35 -66 v 
10 5015 7584 233 350 -40 12 -70 -48 
-40 0 7584 5015 350 v -47 -70 10 
-43 0 8331 10000 393 v -71 -162 v 
11 3041 8724 121 131 -44 -43 -15 -45 
-44 0 8724 3041 131 v -43 -15 11 
-45 3162 8854 6838 1 11 -95 -15 v 
-46 0 7383 10000 22 v -23 -48 v 
12 4941 7405 307 179 -47 -46 10 -48 
-47 0 7405 4941 179 v -46 -40 12 
-48 5248 7405 4752 529 12 -46 -70 v 
-50 0 1740 5660 35 v -142 -52 1 
13 486 1775 625 269 -51 -50 -92 -90 
-51 0 1775 486 269 v -50 -92 13 
-52 1111 1775 4549 29 13 -50 -85 1 
-56 0 489 10000 93 v -137 -126 v 
14 2035 582 257 56 -57 -56 -145 -121 
-57 0 582 2035 56 v -56 -145 14 
-62 0 8965 10000 124 v -16 -64 v 
15 6563 9089 368 93 -63 -62 -149 -64 
-63 0 9089 6563 93 v -62 -149 15 
-64 6931 9089 3069 93 15 -62 -149 v 
-66 0 5917 10000 952 v -36 -164 v 
16 3623 6869 61 236 -67 -66 -22 -68 
-67 0 6869 3623 236 v -66 -22 16 
-68 3684 6953 6316 152 16 -165 -22 v 
-70 0 7934 10000 191 v -40 -72 v 
17 7613 8125 171 206 -71 -70 -43 -72 
-71 0 8125 7613 206 v -70 -43 17 
-72 7784 8125 2216 206 17 -70 -43 v 
18 9365 5509 322 29 3 36 -153 -158 
19 4663 1014 236 46 -78 -130 -134 -132 
-78 0 1014 4663 46 v -130 -134 19 
-81 0 7261 4316 107 v -22 -83 6 
20 2527 7368 815 14 -82 -81 -23 -83 
-82 0 7368 2527 14 v -81 -23 20 
-83 3342 7368 974 14 20 -81 -23 6 
-85 1111 1804 8889 56 13 -52 -87 v 
21 9490 1860 486 19 -86 -85 -89 -87 
-86 1111 1860 8379 19 13 -85 -89 21 
-87 9976 1860 24 19 21 -85 -89 v 
-89 1111 1879 8889 148 13 -86 -91 v 
22 2035 2027 77 98 -90 -89 -114 -91 
-90 1111 2027 924 17 13 -89 -92 22 
-91 2112 2027 7888 98 22 -89 -114 v 
-92 0 2044 2035 81 v -51 -114 22 
23 6312 8724 63 130 -95 -43 -45 -96 
-95 3162 8724 3150 130 11 -43 -45 23 
-96 6375 8847 3625 7 23 -161 -45 v 
24 4721 582 423 397 -122 -56 -130 -128 
-101 5144 588 493 58 24 -125 -128 7 
25 882 1418 190 322 -172 -170 -50 -109 
-109 1072 1418 4588 322 25 -170 -50 1 
26 506 0 151 58 -111 v -19 -112 
-111 0 0 506 58 v v -19 26 
-112 657 0 5625 58 26 v -19 5 
-114 0 2125 10000 38 v -92 -116 v 
27 8970 2163 356 18 -115 -114 -174 -116 
-115 0 2163 8970 18 v -114 -174 27 
-116 9326 2163 674 18 27 -114 -174 v 
-118 0 175 10000 107 v -32 -120 v 
28 5729 282 163 43 -138 -118 -140 -120 
-120 5892 282 4108 43 28 -118 -140 v 
29 4663 582 38 397 -121 -56 -130 -122 
-121 2292 582 2371 56 14 -56 -145 29 
-122 4701 582 20 397 29 -56 -130 24 
-123 0 881 4663 98 v -146 -130 29 
30 7422 582 774 631 -125 -56 -7 -126 
-125 5144 582 2278 6 24 -56 7 30 
-126 8196 582 1804 631 30 -56 -7 v 
-128 5144 646 2278 333 24 -101 -130 30 
-130 0 979 7422 35 v -123 -132 30 
-132 4899 1014 2523 46 19 -130 -134 30 
-134 0 1060 7422 153 v -78 -7 30 
31 5560 282 28 207 -137 -118 -56 -140 
-137 0 282 5560 207 v -118 -56 31 
-138 5588 282 141 43 31 -118 -140 28 
-140 5588 325 4412 164 31 -138 -56 v 
-141 0 1455 882 153 v -169 -143 25 
32 273 1608 249 132 -142 -141 -50 -143 
-142 0 1608 273 132 v -141 -50 32 
-143 522 1608 360 132 32 -141 -50 25 
-145 0 638 4663 198 v -57 -147 29 
33 3160 836 985 45 -146 -145 -123 -147 
-146 0 836 3160 45 v -145 -123 33 
-147 4145 836 518 45 33 -145 -123 29 
-149 0 9182 10000 601 v -63 -151 v 
34 9719 9783 30 200 -150 -149 -1 -151 
-150 0 9783 9719 200 v -149 -1 34 
-151 9749 9783 251 200 34 -149 -1 v 
-153 9365 5538 635 33 3 18 35 v 
35 9877 5571 123 287 -154 -153 -35 v 
-154 9365 5571 512 1 3 -153 -155 35 
-155 0 5572 9877 286 v -12 -35 35 
-156 0 4999 10000 432 v -175 -158 v 
36 9365 5431 322 78 -157 -156 18 -158 
-157 0 5431 9365 73 v -156 3 36 
-158 9687 5431 313 107 36 -156 -153 v 
37 9495 8724 224 123 -161 -43 -96 -162 
-161 6375 8724 3120 123 23 -43 -96 37 
-162 9719 8724 281 123 37 -43 -96 v 
-164 3684 6869 6316 36 16 -66 -166 v 
38 4813 6905 143 48 -165 -164 -68 -166 
-165 3684 6905 1129 48 16 -164 -68 38 
-166 4956 6905 5044 48 38 -164 -68 v 
-168 0 1213 5660 180 v -134 -170 1 
39 625 1393 134 62 -169 -168 -141 -172 
-169 0 1393 625 62 v -168 -141 39 
-170 759 1393 4901 25 39 -168 -109 1 
-172 759 1418 123 37 39 -170 -141 25 
-174 0 2181 10000 1300 v -115 -176 v 
40 3895 3481 2620 1518 -175 -174 -156 -176 
-175 0 3481 3895 1518 v -174 -156 40 
-176 6515 3481 3485 1518 40 -174 -156 v 
