41
600 800
1 107 712 73 25 -4 -14 7 -16 
-4 0 712 107 25 v -14 -51 1 
-7 0 466 600 195 v 6 -8 v 
2 0 661 73 24 v -7 -13 -8 
-8 73 661 527 24 2 -7 -13 v 
3 501 85 53 158 -33 -31 -38 -12 
-11 0 151 501 92 v -30 -38 3 
-12 554 85 46 158 3 -31 -38 v 
-13 0 685 600 8 v 2 -20 v 
4 413 693 17 107 -14 -13 v -21 
-14 0 693 413 19 v -13 -16 4 
-16 180 712 233 25 1 -14 -27 4 
-18 0 774 413 26 v -26 v 4 
-20 430 693 170 63 4 -13 5 v 
5 575 756 25 44 -21 -20 v v 
-21 430 756 145 44 4 -20 v 5 
-23 0 428 600 5 v -39 -24 v 
6 0 433 46 33 v -23 -7 -24 
-24 46 433 554 33 6 -23 -7 v 
7 142 737 38 37 -51 1 -18 -27 
-26 0 762 142 12 v -50 -18 7 
-27 180 737 233 37 7 -16 -18 4 
8 241 80 47 71 -30 -43 -11 -33 
-30 0 80 241 71 v -43 -11 8 
-31 288 83 312 2 8 -47 -12 v 
-33 288 85 213 66 8 -31 -11 3 
9 461 0 26 57 -42 v -46 -36 
-36 487 0 113 57 9 v -46 v 
-38 0 243 600 152 v -11 -40 v 
10 409 395 42 33 -39 -38 -23 -40 
-39 0 395 409 33 v -38 -23 10 
-40 451 395 149 33 10 -38 -23 v 
-42 0 0 461 38 v v -44 9 
11 397 38 33 45 -43 -42 -31 -46 
-43 0 38 397 42 v -42 -47 11 
-44 430 38 31 19 11 -42 -46 9 
-46 430 57 170 26 11 -44 -31 v 
-47 288 80 109 3 8 -43 -31 11 
12 45 737 44 25 -50 -4 -26 -51 
-50 0 737 45 25 v -4 -26 12 
-51 89 737 53 25 12 -4 -26 7 
