370
10000 10000
1 5660 1213 1010 591 -199 -398 -338 -5 
-5 6670 1624 3330 180 1 -544 -339 v 
2 7735 1332 80 292 -544 99 -5 -547 
3 8903 5504 462 68 -488 -486 -490 -154 
4 2392 8938 217 27 -16 -526 -457 -455 
-16 0 8938 2392 27 v -526 -457 4 
5 6282 0 1478 159 -644 v -649 -410 
6 4316 7261 640 122 -377 -375 -382 -24 
-24 4956 7261 5044 122 6 -375 -382 v 
7 5637 588 1785 58 -101 -125 -396 30 
8 9746 0 143 175 77 v -615 -31 
-31 9889 124 111 51 8 78 -615 v 
-35 0 5858 10000 34 v -155 -37 v 
9 8248 5892 1117 25 -36 -35 -541 -37 
-36 0 5892 8248 25 v -35 -541 9 
-37 9365 5892 635 25 9 -35 -541 v 
10 5015 7584 233 350 -402 12 -365 54 
-40 0 7670 5015 264 v 74 -365 10 
11 3041 8724 121 131 -361 -553 -392 71 
-44 0 8843 3041 12 v -360 -392 11 
12 4941 7405 307 179 -400 -382 10 -249 
13 486 1775 625 269 -651 -318 -591 -294 
-51 0 1969 486 75 v -652 -591 13 
14 2035 582 257 56 -409 -630 -328 -177 
15 6563 9089 368 93 -462 -452 70 -275 
-66 0 6468 10000 401 v -436 -234 v 
16 3623 6869 61 236 104 -66 -375 -68 
-68 3684 7007 6316 98 16 -233 -375 v 
17 7613 8125 171 206 81 -429 -551 -72 
-72 7784 8232 2216 99 17 -227 -552 v 
18 9365 5509 322 29 3 36 -153 -158 
19 4663 1014 236 46 41 -182 -397 -132 
20 2527 7368 815 14 83 -440 -445 69 
21 9490 1860 486 19 -220 -216 -282 -87 
-87 9976 1860 24 19 21 -216 -282 v 
22 2035 2027 77 98 -670 -573 -673 -575 
23 6312 8724 63 130 -448 -553 -452 -263 
24 4721 582 423 397 43 -631 -182 -128 
-101 5144 588 493 58 24 -125 -395 7 
25 882 1418 190 322 -195 -534 -318 -516 
26 506 0 151 58 -111 v -479 -477 
-111 0 0 506 58 v v -479 26 
27 8970 2163 356 18 -568 -350 -570 -116 
-116 9326 2163 674 18 27 -350 -570 v 
28 5729 282 163 43 -138 -649 -620 -618 
29 4663 582 38 397 41 -631 -182 43 
30 7422 582 774 631 -125 -631 90 84 
-125 5144 582 2278 6 24 -631 7 30 
-128 5144 714 2278 265 24 -395 -182 30 
-132 4899 1014 2523 46 19 -182 -397 30 
31 5560 282 28 207 -137 -649 -624 -620 
-137 0 282 5560 207 v -646 -624 31 
-138 5588 282 141 43 31 -649 -620 28 
-141 0 1537 882 71 v -563 -143 25 
32 273 1608 249 132 -142 -141 -318 -143 
-142 0 1608 273 132 v -141 -318 32 
-143 522 1608 360 132 32 -141 -318 25 
33 3160 836 985 45 -499 -493 -676 -179 
34 9719 9783 30 200 -582 -581 -474 -151 
-151 9749 9783 251 200 34 -581 -474 v 
-153 9365 5538 635 33 3 18 35 v 
35 9877 5571 123 287 -154 -153 -35 v 
-154 9365 5571 512 1 3 -153 -490 35 
-155 0 5734 9877 124 v -483 -35 35 
36 9365 5431 322 78 -486 -484 18 -158 
-158 9687 5431 313 107 36 -484 -153 v 
37 9495 8724 224 123 -161 101 56 -422 
-161 6375 8724 3120 123 23 -553 56 37 
-162 9719 9066 281 675 56 -423 -581 v 
38 4813 6905 143 48 -236 -234 -238 -166 
-166 4956 6905 5044 48 38 -234 -238 v 
39 625 1393 134 62 -169 -188 -563 103 
-169 0 1393 625 62 v -188 -563 39 
40 3895 3481 2620 1518 -175 -642 121 63 
-175 0 3481 3895 1518 v -642 -654 40 
41 4341 582 322 631 -177 -631 -199 -398 
-177 2292 582 2049 56 14 116 -328 41 
-179 4145 836 196 45 33 -493 -676 41 
-182 4663 979 2759 35 41 29 -132 30 
42 831 1043 23 438 -188 -679 -565 -195 
-188 0 1043 831 350 v -679 -562 42 
-189 854 1043 3487 170 42 -679 -199 41 
-195 854 1418 28 63 42 -534 -565 25 
43 4701 582 20 397 29 -631 -182 24 
-199 854 1213 4806 153 42 -189 -663 1 
44 1941 1366 94 493 -533 -199 -323 -215 
-201 2035 1588 3625 216 44 -664 -338 1 
45 6877 7792 315 142 -532 -599 -365 -601 
46 4603 1811 63 189 -215 -338 125 -343 
-215 2035 1811 2568 48 44 -338 -323 46 
-216 4666 1828 5334 32 46 -340 -87 v 
-220 4666 1860 4824 19 46 -216 -282 21 
47 9640 8104 47 128 -261 -259 -72 -226 
-226 9687 8104 313 128 47 -259 -72 v 
-227 7784 8125 1856 107 17 -429 -72 47 
48 7893 538 187 44 -631 -624 30 -231 
-231 8080 538 1920 44 48 -623 -446 v 
49 3891 6869 100 138 -233 -66 -68 -238 
-233 3684 6869 207 138 16 -66 -68 49 
-234 3991 6869 6009 36 49 -66 -166 v 
-236 3991 6905 822 48 49 -234 -238 38 
-238 3991 6953 6009 54 49 -236 -68 v 
50 0 9087 324 343 v -457 -465 -459 
-245 5248 7662 4752 81 10 -627 51 v 
51 9944 7743 56 188 -598 -245 -604 v 
52 6685 7405 31 236 -249 -382 -559 -557 
-249 5248 7405 1437 236 12 -382 -559 52 
53 205 2188 304 28 -253 -592 -669 -668 
-253 0 2188 205 28 v -592 -669 53 
-255 5248 7837 1629 2 10 -529 -256 45 
54 5248 7839 72 95 10 -255 -365 -256 
-256 5320 7839 1557 95 54 -255 -365 45 
55 7933 8103 508 22 -429 -427 -227 -261 
-259 8441 8103 1559 1 55 -427 -226 v 
-261 8441 8104 1199 21 55 -259 -227 47 
56 8797 8847 922 894 -263 -161 -581 -162 
-263 6375 8847 2422 7 23 -161 -452 56 
-275 6931 9089 1866 93 15 -452 -385 56 
-282 4666 1879 5334 55 46 -220 -284 v 
57 9570 1934 163 135 -342 -282 -350 -284 
-284 9733 1934 267 135 57 -282 -350 v 
58 8641 2218 329 37 105 -570 -641 -292 
-292 8970 2218 1030 37 58 -570 -641 v 
59 1824 1931 53 324 -325 -323 -641 -671 
-294 1111 2009 713 35 13 -320 -591 59 
-295 1877 1931 2726 69 59 -323 106 46 
60 1523 1739 165 270 -516 92 -294 -325 
-317 1688 1739 253 120 60 92 -323 44 
-318 0 1740 1523 35 v -142 -320 60 
-320 1111 1775 412 234 13 -318 -294 60 
-323 1688 1859 2915 72 60 -317 -295 46 
-325 1688 1931 136 78 60 -323 -294 59 
61 2035 638 190 110 -409 14 -638 -328 
-328 2225 638 2116 110 61 14 -638 41 
62 1401 1447 122 96 -536 96 123 -535 
63 6515 3452 316 1547 -642 118 -655 -362 
64 8469 1804 435 24 -338 -5 -216 -339 
-338 2035 1804 6434 7 44 -201 -340 64 
-339 8904 1804 1096 24 64 -5 -216 v 
-340 4666 1811 3803 17 46 -338 -216 64 
-342 4666 1934 4904 14 46 -282 -344 57 
65 6422 1948 419 307 -343 -342 -641 -567 
-343 4666 1948 1756 52 46 -342 -666 65 
-344 6841 1948 2729 121 65 -342 -350 57 
-350 6841 2069 3159 94 65 -344 -116 v 
66 2141 8724 103 69 -360 -553 122 -361 
-360 0 8724 2141 119 v -553 -44 122 
-361 2244 8724 797 119 66 -553 -44 11 
67 7998 3452 25 1547 -362 118 -655 -363 
-362 6831 3452 1167 1547 63 118 -655 67 
-363 8023 3452 1977 1547 67 118 -655 v 
68 7450 7934 55 260 -365 -601 100 -426 
-365 0 7934 7450 454 v -40 -431 100 
69 3342 6967 250 438 -438 -566 -400 -382 
-375 3592 7105 6408 156 69 104 -24 v 
-377 3592 7261 724 122 69 -375 -382 6 
-382 3592 7383 6408 22 69 -377 -611 v 
70 6577 9182 463 324 -464 15 -579 -385 
-385 7040 9182 1757 324 70 -275 -579 56 
71 3162 8826 162 88 11 -447 -526 -524 
-392 0 8855 3162 59 v -44 -526 71 
72 6264 646 82 68 -395 7 -128 -396 
-395 5144 646 1120 68 24 -101 -128 72 
-396 6346 646 1076 68 72 7 -128 30 
-397 4663 1060 2759 29 41 19 73 30 
73 6780 1089 642 124 -398 -397 -544 30 
-398 4663 1089 2117 124 41 -397 -544 73 
-400 0 7405 4941 156 v -415 -401 12 
74 0 7561 1235 109 v -400 -40 -402 
-401 1235 7561 3706 23 74 -400 -402 12 
-402 1235 7584 3780 86 74 -401 -40 10 
75 737 765 190 65 -633 117 -588 -640 
76 1523 582 71 162 -606 -630 -636 -409 
-409 1594 582 441 162 76 -630 -636 61 
77 9701 0 45 175 -410 v -615 8 
-410 7760 0 1941 159 5 v -613 77 
-413 9889 0 111 58 8 v 78 v 
78 9889 58 111 66 8 -413 -31 v 
79 1599 7338 77 67 -415 -439 -400 -441 
-415 0 7338 1599 67 v -439 -400 79 
-422 9719 8724 281 239 37 -552 80 v 
80 9871 8963 129 103 -423 -422 -162 v 
-423 9719 8963 152 103 56 -422 -162 80 
81 7520 8072 93 515 -426 -519 -553 -551 
-426 7505 8072 15 316 68 -519 -431 81 
-427 7613 8076 2387 27 81 -521 -259 v 
-429 7613 8103 320 22 81 -427 -227 55 
-431 0 8388 7520 199 v -365 -553 81 
-435 0 6307 10000 52 v -542 -437 v 
82 7090 6359 471 109 -436 -435 -66 -437 
-436 0 6359 7090 109 v -435 -66 82 
-437 7561 6359 2439 109 82 -435 -66 v 
-438 0 6967 3342 283 v -566 -440 69 
83 2255 7250 272 155 -439 -438 -400 -445 
-439 0 7250 2255 88 v -438 -441 83 
-440 2527 7250 815 118 83 -438 20 69 
-441 1676 7338 579 67 79 -439 -400 83 
-445 2527 7382 815 23 83 20 -400 69 
84 8196 582 590 631 30 -231 90 -446 
-446 8786 582 1214 631 84 -231 -510 v 
85 5470 8724 434 1276 -447 -553 v -474 
-447 3162 8724 2308 102 11 -553 -523 85 
-448 5904 8724 408 130 85 -553 -452 23 
-452 5904 8854 2893 235 85 -448 -275 56 
-455 2609 8938 2861 27 4 -526 -457 85 
-457 0 8965 5470 122 v -16 -459 85 
-459 324 9087 5146 343 50 -457 -465 85 
-462 5904 9089 659 93 85 -452 -464 15 
-464 5904 9182 673 324 85 -462 -579 70 
-465 0 9430 5470 570 v 50 v 85 
-474 5904 9983 4096 17 85 107 v v 
86 2764 42 2026 79 -477 -643 -646 119 
-477 657 42 2107 16 26 -643 -479 86 
-479 0 58 2764 63 v -111 -646 86 
-482 0 5226 10000 194 v -513 -484 v 
87 7051 5420 589 314 -483 -482 -155 -490 
-483 0 5420 7051 314 v -482 -155 87 
-484 7640 5420 2360 11 87 -482 -158 v 
-486 7640 5431 1725 73 87 -484 3 36 
-488 7640 5504 1263 68 87 -486 -490 3 
-490 7640 5572 2237 162 87 -488 -155 35 
88 2292 751 51 130 -640 -638 -676 -499 
-493 2343 751 1998 85 88 -638 -179 41 
-499 2343 836 817 45 88 -493 -676 33 
89 9473 215 42 206 -617 -615 -623 -503 
-503 9515 215 485 206 89 -615 -623 v 
90 7889 1213 1030 55 -545 30 -547 -510 
-510 8919 1213 1081 55 90 -446 -547 v 
-512 0 5049 10000 151 v -654 -514 v 
91 9365 5200 322 26 -513 -512 -482 -514 
-513 0 5200 9365 26 v -512 -482 91 
-514 9687 5200 313 26 91 -512 -482 v 
-515 1072 1638 869 44 25 -536 -517 44 
92 1523 1682 237 57 -516 -515 -317 -517 
-516 1072 1682 451 58 25 -515 -318 60 
-517 1760 1682 181 57 92 -515 -317 44 
93 9334 7934 226 142 -519 -601 -427 -520 
-519 7505 7934 1829 138 68 -601 -521 93 
-520 9560 7934 440 142 93 -601 -427 v 
-521 7613 8072 1721 4 81 -519 -427 93 
-523 3324 8826 2146 72 71 -447 -525 85 
94 4354 8898 472 40 -524 -523 -455 -525 
-524 3324 8898 1030 16 71 -523 -526 94 
-525 4826 8898 644 40 94 -523 -455 85 
-526 0 8914 4354 24 v -392 -455 94 
95 6542 7743 84 94 -529 -245 -255 -532 
-529 5248 7743 1294 94 10 -245 -255 95 
-532 6626 7792 251 45 95 -599 -255 45 
-533 854 1366 1087 38 42 -199 -535 44 
96 1401 1404 122 43 -534 -533 62 -535 
-534 854 1404 547 14 42 -533 -536 96 
-535 1523 1404 418 234 96 -533 -515 44 
-536 1072 1418 329 220 25 -534 -515 123 
97 4790 489 230 49 -538 -137 -631 -624 
-538 0 489 4790 49 v -137 -631 97 
-541 0 5917 10000 156 v -36 -543 v 
98 5067 6073 2573 234 -542 -541 -435 -543 
-542 0 6073 5067 234 v -541 -435 98 
-543 7640 6073 2360 234 98 -541 -435 v 
99 7735 1213 80 119 -544 30 2 -547 
-544 6670 1213 1065 411 1 -398 -5 2 
-545 7815 1213 74 55 99 30 -547 90 
-547 7815 1268 2185 356 99 -545 -5 v 
100 7450 8194 55 194 -365 68 -431 -426 
101 9191 8331 496 393 -551 -72 37 -552 
-551 7613 8331 1578 256 81 17 -553 101 
-552 9687 8331 313 393 101 -72 -422 v 
-553 0 8587 9191 137 v -431 -161 101 
-556 6716 7453 3284 152 52 -610 -558 v 
102 8652 7605 275 38 -557 -556 -628 -558 
-557 6716 7605 1936 36 52 -556 -559 102 
-558 8927 7605 1073 38 102 -556 -628 v 
-559 5248 7641 3404 2 10 -249 114 102 
-562 759 1393 72 20 39 -188 103 42 
103 759 1413 72 124 39 -562 -141 -565 
-563 0 1455 759 82 v -169 -141 103 
-565 831 1481 51 56 103 42 -141 25 
104 3592 6869 31 236 -566 -66 -375 16 
-566 0 6869 3592 98 v -66 69 104 
105 8469 2163 172 92 -567 -350 -641 58 
-567 6841 2163 1628 92 65 -350 -641 105 
-568 8641 2163 329 18 105 -350 -570 27 
-570 8641 2181 1359 37 105 -568 -292 v 
106 4401 2000 212 152 -573 -295 -675 125 
-573 1877 2000 2524 27 59 -295 -575 106 
-575 2112 2027 2289 98 22 -573 -673 106 
-579 5904 9506 2893 132 85 -464 -580 56 
107 5904 9638 146 345 85 -579 -474 -582 
-580 6050 9638 2747 103 107 -579 -581 56 
-581 6050 9741 3950 42 107 -580 -151 v 
-582 6050 9783 3669 200 107 -581 -474 34 
108 70 786 74 139 -585 -633 -679 -677 
-585 0 786 70 139 v -633 -679 108 
-586 144 786 593 44 108 -633 -588 75 
-588 144 830 2148 51 108 -586 -676 88 
-591 0 2044 1824 92 v -51 -593 59 
109 1153 2136 64 119 -592 -591 -641 -593 
-592 0 2136 1153 52 v -591 -667 109 
-593 1217 2136 607 119 109 -591 -641 59 
-598 6626 7743 3318 34 95 -245 -600 51 
110 9630 7777 57 157 -599 -598 -520 -604 
-599 6626 7777 3004 15 95 -598 -601 110 
-600 9687 7777 257 154 110 -598 -604 51 
-601 7192 7792 2438 142 45 -599 -520 110 
-604 9687 7931 313 3 110 -600 -520 v 
-606 0 582 1523 37 v -630 -629 76 
111 737 619 121 87 -607 -606 -632 115 
-607 0 619 737 87 v -606 -632 111 
112 8351 7405 205 48 -610 -382 -556 -611 
-610 6716 7405 1635 48 52 -382 -556 112 
-611 8556 7405 1444 48 112 -382 -556 v 
113 7923 159 130 379 -649 -410 48 -623 
-613 8053 159 1648 16 113 -410 -615 77 
-615 8053 175 1947 40 113 -613 -503 v 
-617 8053 215 1420 206 113 -615 -623 89 
-618 5892 282 2031 43 28 -649 -620 113 
-620 5588 325 2335 164 31 -138 -624 113 
-623 8053 421 1947 117 113 -617 -231 v 
-624 5020 489 2903 49 97 -137 48 113 
114 8138 7643 553 19 -627 -559 -245 -628 
-627 5248 7643 2890 19 10 -559 -245 114 
-628 8691 7643 1309 19 114 102 -245 v 
115 858 619 173 87 111 -606 -632 -629 
-629 1031 619 492 87 115 -606 -632 76 
116 2143 538 188 44 -630 -538 -177 -631 
-630 0 538 2143 44 v -538 14 116 
-631 2331 538 5562 44 116 -538 30 48 
-632 0 706 1523 20 v -607 -634 76 
117 737 726 190 39 -633 -632 75 -640 
-633 0 726 737 60 v -632 -586 75 
-634 927 726 596 18 117 -632 -636 76 
-636 927 744 1108 4 117 -634 -638 61 
-638 927 748 3414 3 117 -636 -493 41 
-640 927 751 1365 79 117 -638 -588 88 
-641 0 2255 10000 623 v -669 118 v 
118 6515 2878 3485 574 -642 -641 -363 v 
-642 0 2878 6515 603 v -641 40 63 
119 4790 0 150 282 -643 v -137 -649 
-643 657 0 4133 42 26 v 86 119 
-644 4940 0 1342 159 119 v -649 5 
-646 0 121 4790 161 v -479 -137 119 
-649 4940 159 2983 123 119 -644 -618 113 
-651 0 1775 486 129 v -318 120 13 
120 215 1904 271 65 -652 -651 -51 13 
-652 0 1904 215 65 v -651 -51 120 
121 6282 4999 335 50 -654 40 -512 -655 
-654 0 4999 6282 50 v -175 -512 121 
-655 6617 4999 3383 50 121 63 -512 v 
122 2141 8793 103 50 -360 66 -44 -361 
123 1401 1543 122 95 -536 62 -515 -535 
-663 2035 1366 3625 21 44 -199 -665 1 
124 3854 1387 124 201 -664 -663 -201 -665 
-664 2035 1387 1819 201 44 -663 -201 124 
-665 3978 1387 1682 201 124 -663 -201 1 
125 4613 2000 767 152 106 46 -675 -666 
-666 5380 2000 1042 152 125 -343 -675 65 
-667 509 2188 644 5 53 -592 126 109 
126 1036 2193 117 62 -668 -667 -641 109 
-668 509 2193 527 23 53 -667 -669 126 
-669 0 2216 1036 39 v -253 -641 126 
-670 1877 2027 158 32 59 -573 127 22 
127 1941 2059 94 196 -671 -670 -641 -675 
-671 1877 2059 64 196 59 -670 -641 127 
-673 2035 2125 2366 27 127 22 -675 106 
-675 2035 2152 4387 103 127 -673 -641 65 
-676 144 881 4197 8 108 -588 -678 41 
128 1478 889 45 154 -677 -676 -189 -678 
-677 144 889 1334 36 108 -676 -679 128 
-678 1523 889 2818 154 128 -676 -189 41 
-679 0 925 1478 118 v -585 -189 128 
