565
10000 10000
1 5660 1213 1010 591 -802 196 -745 -5 
-5 6670 1624 3330 180 1 -544 -339 v 
2 7735 1332 80 292 -544 99 -5 -547 
3 8903 5504 462 68 -488 -486 -1033 -1030 
4 2392 8938 217 27 -1129 -1127 -1131 -983 
5 6282 0 1478 159 -644 v -649 -1147 
6 4316 7261 640 122 -377 -771 -775 -773 
7 5637 588 1785 58 -1085 -1084 -396 30 
8 9746 0 143 175 77 v -1152 -31 
-31 9889 124 111 51 8 78 -1152 v 
9 8248 5892 1117 25 -853 -1034 -1039 -1037 
10 5015 7584 233 350 -722 12 -820 54 
11 3041 8724 121 131 -361 -829 -1123 71 
12 4941 7405 307 179 137 -775 10 -249 
13 486 1775 625 269 -938 -936 -975 -294 
-51 0 1969 486 75 v -652 -974 13 
14 2035 582 257 56 -946 -630 -328 -177 
15 6563 9089 368 93 -462 -452 70 -275 
16 3623 6869 61 236 104 -893 -771 -769 
17 7613 8125 171 206 81 -429 -976 -72 
-72 7784 8232 2216 99 17 -227 -552 v 
18 9365 5509 322 29 3 36 -1030 200 
19 4663 1014 236 46 41 -1108 -1112 -1110 
20 2527 7368 815 14 83 -440 -445 69 
21 9490 1860 486 19 -1093 -1091 -1095 -87 
-87 9976 1860 24 19 21 -1091 -1095 v 
22 2035 2027 77 98 -670 -750 -756 -754 
23 6312 8724 63 130 -988 -1050 -1135 198 
24 4721 582 423 397 43 210 -1108 215 
25 882 1418 190 322 -195 -1063 -881 -980 
26 506 0 151 58 -111 v -1012 -1008 
-111 0 0 506 58 v v -1012 26 
27 8970 2163 356 18 -568 -350 -570 -116 
-116 9326 2163 674 18 27 -350 -570 v 
28 5729 282 163 43 -138 -649 -620 -618 
29 4663 582 38 397 41 210 -1108 43 
30 7422 582 774 631 -1084 -1075 90 84 
31 5560 282 28 207 -1059 -649 -624 -620 
-138 5588 282 141 43 31 -649 -620 28 
-141 0 1537 882 71 v -563 -143 25 
32 273 1608 249 132 -142 -141 -881 -143 
-142 0 1608 273 132 v -141 166 32 
-143 522 1608 360 132 32 -141 -881 25 
33 3160 836 985 45 -499 -493 -792 -179 
34 9719 9783 30 200 -929 -863 -972 -840 
35 9877 5571 123 287 200 -1028 -1036 v 
36 9365 5431 322 78 154 -1027 18 200 
37 9495 8724 224 123 -1018 101 56 -422 
38 4813 6905 143 48 -236 -763 -767 -765 
39 625 1393 134 62 -169 -188 -563 103 
-169 0 1393 625 62 v -188 -563 39 
40 3895 3481 2620 1518 -911 -909 121 63 
41 4341 582 322 631 -177 131 -802 -1112 
-177 2292 582 2049 56 14 116 -328 41 
-179 4145 836 196 45 33 -493 -792 41 
42 831 1043 23 438 -874 -679 -565 -195 
-188 0 1130 831 263 v -873 -562 42 
-195 854 1418 28 63 42 -1063 -565 25 
43 4701 582 20 397 29 210 -1108 24 
44 1941 1366 94 493 -533 -803 -748 -742 
45 6877 7792 315 142 -532 -808 -820 -812 
46 4603 1811 63 189 -999 -745 125 -729 
47 9640 8104 47 128 -261 -259 -72 -226 
-226 9687 8104 313 128 47 -259 -72 v 
-227 7784 8125 1856 107 17 -429 -72 47 
48 7893 538 187 44 -1075 -624 30 195 
49 3891 6869 100 138 -1054 -893 -769 -767 
-236 3991 6905 822 48 49 -763 -767 38 
50 0 9087 324 343 v -1124 -870 168 
51 9944 7743 56 188 -925 -696 -604 v 
52 6685 7405 31 236 -1067 143 -559 182 
-249 5248 7450 1437 191 12 -1066 -559 52 
53 205 2188 304 28 -253 -818 -669 -668 
-253 0 2188 205 28 v -818 -669 53 
-255 5248 7837 1629 2 10 -529 -256 45 
54 5248 7839 72 95 10 -255 -820 -256 
-256 5320 7839 1557 95 54 -255 -820 45 
55 7933 8103 508 22 -429 -427 -227 -261 
-259 8441 8103 1559 1 55 -427 -226 v 
-261 8441 8104 1199 21 55 -259 -227 47 
56 8797 8847 922 894 -1020 -1019 -863 -861 
-275 6931 9089 1866 93 15 -452 -385 56 
57 9570 1934 163 135 -1097 -1095 -350 -284 
-284 9733 1934 267 135 57 -1095 -350 v 
58 8641 2218 329 37 105 -570 -905 -292 
-292 8970 2218 1030 37 58 -570 -905 v 
59 1824 1931 53 324 -325 -748 -905 -671 
-294 1111 2009 713 35 13 -320 -975 59 
60 1523 1739 165 270 -980 92 -294 -325 
-317 1688 1739 253 120 60 92 -748 44 
-320 1111 1775 412 234 13 -936 -294 60 
-325 1688 1931 136 78 60 -748 -294 59 
61 2035 638 190 110 -946 14 -952 -328 
-328 2225 638 2116 110 61 14 -952 41 
62 1401 1447 122 96 207 96 123 -978 
63 6515 3452 316 1547 -909 118 -655 -362 
64 8469 1804 435 24 -745 -5 -1091 -339 
-339 8904 1804 1096 24 64 -5 -1091 v 
65 6422 1948 419 307 -1099 -1097 -905 -567 
-344 6841 1948 2729 121 65 -1097 -350 57 
-350 6841 2069 3159 94 65 -344 -116 v 
66 2141 8724 103 69 -1119 -829 122 -361 
-361 2244 8724 797 119 66 -829 -1121 11 
67 7998 3452 25 1547 -362 118 -655 186 
-362 6831 3452 1167 1547 63 118 -655 67 
68 7450 7934 55 260 -820 -812 100 -426 
69 3342 6967 250 438 -895 -894 -913 -775 
-377 3592 7261 724 122 69 -771 -775 6 
70 6577 9182 463 324 -464 15 -579 -385 
-385 7040 9182 1757 324 70 -275 -579 56 
71 3162 8826 162 88 11 -1138 -1127 -1068 
72 6264 646 82 68 183 7 -1087 -396 
-396 6346 646 1076 68 72 7 -1087 30 
73 6780 1089 642 124 -1115 -1107 -544 30 
74 0 7561 1235 109 v 167 -1105 -1104 
75 737 765 190 65 -633 117 -814 -640 
76 1523 582 71 162 -1077 -630 -949 -947 
77 9701 0 45 175 -1146 v -1152 8 
78 9889 58 111 66 8 202 -31 v 
79 1599 7338 77 67 167 -896 -912 -441 
-422 9719 8724 281 239 37 -552 80 v 
80 9871 8963 129 103 -423 -422 -927 v 
-423 9719 8963 152 103 56 -422 -927 80 
81 7520 8072 93 515 -426 -519 -1053 -976 
-426 7505 8072 15 316 68 -519 -1049 81 
-427 7613 8076 2387 27 81 -521 -259 v 
-429 7613 8103 320 22 81 -427 -227 55 
82 7090 6359 471 109 -891 -890 -991 -437 
-437 7561 6359 2439 109 82 -890 -991 v 
83 2255 7250 272 155 -896 -895 -912 -445 
-440 2527 7250 815 118 83 -895 20 69 
-441 1676 7338 579 67 79 -896 -912 83 
-445 2527 7382 815 23 83 20 -913 69 
84 8196 582 590 631 30 195 90 -446 
-446 8786 582 1214 631 84 -1153 -510 v 
85 5470 8724 434 1276 135 -1050 v -971 
-452 5904 8991 2893 98 85 217 -275 56 
-462 5904 9089 659 93 85 -452 -464 15 
-464 5904 9182 673 324 85 -462 -579 70 
86 2764 42 2026 79 -1011 -1009 -1017 119 
87 7051 5420 589 314 -887 -886 158 -1034 
-486 7640 5464 1725 40 87 -837 3 36 
-488 7640 5504 1263 68 87 -486 -1033 3 
88 2292 751 51 130 -954 -952 148 -499 
-493 2343 751 1998 85 88 -952 -179 41 
-499 2343 836 817 45 88 -493 148 33 
89 9473 215 42 206 -957 -1152 -877 175 
90 7889 1213 1030 55 -545 30 -547 -510 
-510 8919 1213 1081 55 90 -446 -547 v 
91 9365 5200 322 26 -884 -883 -885 -514 
-514 9687 5200 313 26 91 -883 -885 v 
92 1523 1682 237 57 -980 189 -317 -979 
93 9334 7934 226 142 -519 -811 -427 -520 
-519 7505 7934 1829 138 68 -812 -521 93 
-520 9560 7934 440 142 93 -811 -427 v 
-521 7613 8072 1721 4 81 -519 -427 93 
94 4354 8898 472 40 -1142 218 -984 -709 
95 6542 7743 84 94 -529 -627 -255 -532 
-529 5248 7743 1294 94 10 -627 -255 95 
-532 6626 7792 251 45 95 -808 -255 45 
-533 854 1366 1087 38 42 -803 -978 44 
96 1401 1404 122 43 207 -533 62 -978 
-536 1072 1521 329 117 25 -1064 -980 123 
97 4790 489 230 49 -741 -739 -1075 -624 
-538 0 518 4790 20 v -1014 210 97 
98 5067 6073 2573 234 -889 -888 -1041 -1039 
99 7735 1213 80 119 -544 30 2 -547 
-544 6670 1213 1065 411 1 -1007 -5 2 
-545 7815 1213 74 55 99 30 -547 90 
-547 7815 1268 2185 356 99 -545 -5 v 
100 7450 8194 55 194 -820 68 -1049 -426 
101 9191 8331 496 393 188 -72 37 -552 
-552 9687 8331 313 393 101 -72 -422 v 
102 8652 7605 275 38 -966 -959 -921 -846 
-559 5248 7641 3404 2 10 -249 114 102 
-562 759 1393 72 20 39 -188 103 42 
103 759 1413 72 124 39 -562 -141 -565 
-563 0 1455 759 82 v -169 -141 103 
-565 831 1481 51 56 103 42 -141 25 
104 3592 6869 31 236 -894 -893 -771 16 
105 8469 2163 172 92 -567 -350 -905 58 
-567 6841 2163 1628 92 65 -350 -905 105 
-568 8641 2163 329 18 105 -350 -570 27 
-570 8641 2181 1359 37 105 -568 -292 v 
106 4401 2000 212 152 -1001 -999 -1101 125 
-579 5904 9506 2893 132 85 -464 -580 56 
107 5904 9638 146 345 85 -579 -971 -930 
-580 6050 9638 2747 103 107 -579 -863 56 
108 70 786 74 139 -585 -633 -679 -677 
-585 0 786 70 139 v -633 -679 108 
-586 144 786 593 44 108 -633 -814 75 
109 1153 2136 64 119 -819 -975 -905 -593 
-593 1217 2136 607 119 109 -975 -905 59 
110 9630 7777 57 157 172 -925 -520 -604 
-600 9687 7777 257 154 110 -925 -604 51 
-604 9687 7931 313 3 110 -600 -520 v 
111 737 619 121 87 -1048 -1046 -632 115 
-607 0 696 737 10 v -1078 -632 111 
112 8351 7405 205 48 -964 -994 -959 -611 
-611 8556 7432 1444 21 112 -996 -867 v 
113 7923 159 130 379 -649 -1147 48 -692 
-617 8053 364 1420 57 113 -956 -877 89 
-618 5892 282 2031 43 28 -649 -620 113 
-620 5588 325 2335 164 31 -138 -624 113 
-624 5020 489 2903 49 97 -739 48 113 
114 8138 7643 553 19 -627 -559 149 -921 
-627 5248 7643 2890 100 10 -559 -808 149 
115 858 619 173 87 111 -1046 -632 -629 
-629 1031 619 492 87 115 -1046 -632 76 
116 2143 538 188 44 -630 -538 -177 -689 
-630 0 538 2143 44 v -538 14 116 
-632 0 706 1523 20 v -607 -634 76 
117 737 726 190 39 -633 -632 75 -949 
-633 0 726 737 60 v -632 -586 75 
-634 927 726 596 18 117 -632 -949 76 
-640 927 812 1365 18 75 -949 -815 88 
118 6515 2878 3485 574 -909 -907 -973 v 
119 4790 0 150 282 -1009 v -1059 -649 
-644 4940 0 1342 159 119 v -649 5 
-649 4940 159 2983 123 119 -644 -618 113 
120 215 1904 271 65 -944 -942 -51 13 
-652 0 1934 215 35 v -933 -51 120 
121 6282 4999 335 50 161 40 -883 -655 
-655 6617 4999 3383 50 121 63 -883 v 
122 2141 8793 103 50 -1119 66 -1121 -361 
123 1401 1543 122 95 -536 62 -980 189 
124 3854 1387 124 201 -664 -802 142 -665 
-664 2035 1387 1819 201 44 148 142 124 
-665 3978 1387 1682 417 124 -802 -745 1 
125 4613 2000 767 152 106 46 -1101 213 
126 1036 2193 117 62 -668 -819 -905 109 
-668 509 2193 527 23 53 -687 -669 126 
-669 0 2216 1036 39 v -253 -905 126 
-670 1877 2027 158 32 59 -750 127 22 
127 1941 2059 94 196 -671 -670 -905 -756 
-671 1877 2059 64 196 59 -670 -905 127 
128 1478 889 45 154 -677 150 -795 -817 
-677 144 889 1334 36 108 -814 -679 128 
-679 0 925 1478 118 v -585 -795 128 
129 0 8665 1599 52 v -821 -829 -827 
130 768 2166 262 27 -818 151 -668 -819 
-687 509 2188 259 5 53 -818 -668 130 
131 4227 538 144 44 -689 -538 41 -1074 
-689 2331 538 1896 44 116 -538 -177 131 
-691 8053 462 1947 39 113 -877 -693 v 
132 8218 501 232 37 -692 -691 -1153 -693 
-692 8053 501 165 37 113 -691 195 132 
-693 8450 501 1550 37 132 -691 -1154 v 
133 9687 7588 128 155 -869 -867 -925 -696 
-696 9815 7588 185 155 133 -867 51 v 
134 1361 1071 110 123 147 -795 -799 -797 
-705 854 1183 507 11 42 -790 136 134 
135 5126 8724 344 1276 -1137 -1050 v 85 
-709 4826 8898 300 40 94 -1145 -984 135 
136 1355 1194 77 121 -715 -705 -803 -799 
-715 854 1194 501 121 42 -705 -803 136 
137 4215 7405 726 529 -733 -775 -820 -722 
-722 4941 7584 74 350 137 12 -820 10 
-723 0 7926 4215 8 v -1105 -820 137 
138 4978 9603 52 397 -871 145 v -727 
-727 5030 9603 96 397 138 145 v 135 
139 5096 1962 284 38 -729 -1088 125 213 
-729 4666 1962 430 38 46 -1088 125 139 
140 4009 7405 92 106 -913 -775 -915 -733 
-733 4101 7405 114 106 140 -775 -915 137 
141 1773 228 872 290 -1014 197 -538 -741 
-739 2645 357 2915 132 141 -1060 -624 31 
-741 2645 489 2145 29 141 -739 -538 97 
142 3077 1588 901 667 -742 -664 -905 -998 
-742 2035 1588 1042 271 44 -664 -748 142 
-745 3978 1804 4491 7 142 -665 -1089 64 
-748 1688 1859 1389 72 60 -317 -750 142 
-750 1877 1931 1200 96 59 -748 -754 142 
-754 2112 2027 965 98 22 -750 -756 142 
-756 2035 2125 1042 130 127 22 -905 142 
143 6088 6861 768 544 -893 -992 -964 -994 
-763 3991 6869 2097 36 49 -893 -765 143 
-765 4956 6905 1132 48 38 -763 -767 143 
-767 3991 6953 2097 54 49 -236 -769 143 
-769 3684 7007 2404 98 16 204 -771 143 
-771 3592 7105 2496 156 69 104 -773 143 
-773 4956 7261 1132 122 6 -771 -775 143 
-775 3592 7383 2496 22 69 -377 -1066 143 
144 9610 215 30 247 174 -1152 -691 -779 
-779 9640 215 360 247 144 -1152 -691 v 
145 4978 9400 148 203 -901 -900 -727 135 
146 134 1799 142 46 -940 -938 -942 -788 
-788 276 1799 210 46 146 -938 -942 13 
147 1272 1071 89 112 -790 -795 -705 134 
-790 854 1071 418 112 42 -795 -705 147 
148 2035 881 1225 506 -817 -815 -664 -802 
-792 3260 881 1081 332 148 33 -802 41 
-795 854 1043 1181 28 42 -679 -797 148 
-797 1471 1071 564 123 134 -795 -799 148 
-799 1432 1194 603 121 136 134 -803 148 
-802 3260 1213 2400 174 148 -792 -665 1 
-803 854 1315 1181 51 42 -715 44 148 
149 8138 7662 553 272 -627 114 -519 -811 
-808 6626 7743 1512 49 95 -627 -812 149 
-811 8691 7884 939 50 149 -922 -520 110 
-812 7192 7792 946 142 45 -808 -519 149 
150 1398 830 125 59 -814 -640 128 -817 
-814 144 830 1254 59 108 -586 -677 150 
-815 1523 830 769 51 150 -640 148 88 
-817 1523 881 512 162 150 -815 -795 148 
151 768 2136 262 30 -818 -975 130 -819 
-818 0 2136 768 52 v -974 -687 130 
-819 1030 2136 123 57 151 -975 126 109 
-820 0 7934 7450 379 v -723 -822 100 
152 4215 8313 326 411 -821 -820 -1137 -1050 
-821 0 8313 4215 352 v -820 -827 152 
-822 4541 8313 2909 75 152 -820 -1049 100 
-827 1599 8665 2616 52 129 -821 -829 152 
-829 0 8717 4215 7 v 129 -1137 152 
-831 0 3883 3895 777 v -906 153 40 
153 2951 4660 944 339 -832 -831 192 40 
-832 0 4660 2951 339 v -831 192 153 
154 7922 5353 1443 111 -886 -885 -486 36 
-837 7640 5420 282 44 87 -886 -486 154 
155 9812 9783 64 200 -840 -863 -972 -862 
-840 9749 9783 63 200 34 -863 -972 155 
156 4160 7554 55 112 -917 -915 214 137 
157 9090 7605 540 38 -846 -959 -921 -869 
-846 8927 7605 163 38 102 -959 -921 157 
158 7482 5734 158 339 -888 87 98 -1039 
-853 7640 5892 608 25 158 -1034 -1039 9 
159 9365 5662 322 37 -858 -1033 -1034 200 
-858 7640 5662 1725 37 87 -1033 -1034 159 
160 9824 9305 52 478 -861 -928 155 -862 
-861 9719 9305 105 436 56 -928 -863 160 
-862 9876 9305 124 678 160 173 -972 v 
-863 6050 9741 3774 42 107 -580 155 160 
161 6122 4999 160 50 -903 40 -883 121 
162 9451 7453 179 152 -959 -611 157 -869 
-867 9630 7453 370 135 162 -611 -696 v 
-869 9630 7588 57 55 162 -867 -921 133 
163 1553 9430 1013 570 -870 168 v -871 
-870 0 9430 1553 570 v 50 v 163 
-871 2566 9430 2412 570 163 -901 v 138 
164 625 1043 71 87 -873 -679 -188 -874 
-873 0 1043 625 87 v -679 -188 164 
-874 696 1043 135 87 164 -679 -188 42 
165 9546 215 43 247 175 -1152 -691 174 
-877 8053 421 1493 41 113 -617 -691 165 
166 134 1740 219 27 -934 -142 -936 -881 
-881 353 1740 1170 27 166 32 -936 60 
167 0 4999 1599 2562 v -832 -918 -912 
-883 1599 5049 8401 151 167 -989 -514 v 
-884 1599 5200 7766 26 167 -883 -885 91 
-885 1599 5226 8401 127 167 -884 -1026 v 
-886 1599 5353 6323 67 167 -885 -837 154 
-887 1599 5420 5452 314 167 -886 -888 87 
-888 1599 5734 5883 339 167 -887 98 158 
-889 1599 6073 3468 234 167 -888 -1041 98 
-890 1599 6353 8401 6 167 -1041 -437 v 
-891 1599 6359 5491 109 167 -890 -991 82 
-893 1599 6861 4489 8 167 -992 -763 143 
-894 1599 6869 1993 98 167 -893 69 104 
-895 1599 6967 1743 283 167 -894 -440 69 
-896 1599 7250 656 88 167 -895 -441 83 
168 324 9087 1244 343 50 -1124 163 -901 
-900 1568 9087 3558 313 168 -1124 145 135 
-901 1568 9400 3410 30 168 -900 -871 145 
169 5462 4999 452 50 192 40 -883 -903 
-903 5914 4999 208 50 169 40 -883 161 
-905 0 2255 10000 587 v -669 -907 v 
170 452 2842 240 1041 -906 -905 -831 -911 
-906 0 2842 452 1041 v -905 -831 170 
-907 692 2842 9308 36 170 -905 118 v 
-909 692 2878 5823 603 170 -907 40 63 
-911 692 3481 3203 402 170 -909 -831 40 
171 2942 7405 348 261 -912 -445 214 -917 
-912 1599 7405 1343 156 167 79 -918 171 
-913 3290 7405 719 106 171 -445 -915 140 
-915 3290 7511 925 43 171 -913 156 137 
-917 3290 7554 870 112 171 -915 214 156 
-918 1235 7561 1707 105 74 167 214 171 
-921 8691 7643 996 27 114 102 -923 133 
172 9358 7670 272 214 -922 -921 -811 110 
-922 8691 7670 667 214 149 -921 -811 172 
-923 9630 7670 57 73 172 -921 -925 133 
-925 9630 7743 314 34 172 -923 -600 51 
-927 9719 9066 281 187 56 -423 173 v 
173 9865 9253 135 52 -928 -927 -862 v 
-928 9719 9253 146 52 56 -927 160 173 
174 9589 215 21 247 165 -1152 -691 144 
175 9515 215 31 206 89 -1152 -877 165 
-929 6050 9783 3669 140 107 -863 -931 34 
176 8382 9923 415 60 -930 -929 185 -931 
-930 6050 9923 2332 60 107 -929 -971 176 
-931 8797 9923 922 60 176 -929 -972 34 
177 26 1740 30 194 -933 -142 -652 -944 
-933 0 1740 26 194 v -142 -652 177 
-934 56 1740 78 27 177 -142 -936 166 
-936 56 1767 1467 8 177 -934 -320 60 
-938 56 1775 430 24 177 -936 -788 13 
-940 56 1799 78 46 177 -938 -942 146 
-942 56 1845 430 59 177 -940 120 13 
-944 56 1904 159 30 177 -942 -652 120 
-946 1594 582 441 143 76 -630 -948 61 
178 1834 725 86 87 -947 -946 -640 -954 
-947 1594 725 240 19 76 -946 -949 178 
-948 1920 725 115 23 178 -946 -952 61 
-949 927 744 907 68 117 -634 -640 178 
-952 1920 748 2421 3 178 -948 -493 41 
-954 1920 751 372 61 178 -952 -640 88 
179 9319 215 115 149 -1057 -1152 -617 -957 
-956 8053 277 1266 87 113 -1056 -617 179 
-957 9434 215 39 149 179 -1152 -617 89 
180 8138 7453 114 152 -965 -964 -966 -959 
-959 8252 7453 1199 152 180 -964 157 162 
181 0 8724 386 167 v -829 -1124 -1118 
182 6716 7405 61 236 52 143 -559 -966 
-964 6777 7405 1574 48 182 143 -959 112 
-965 6777 7453 1361 152 182 -964 -966 180 
-966 6777 7605 1875 36 182 -965 -559 102 
183 6097 646 167 68 -1086 7 -1087 72 
184 301 58 129 57 -969 -111 -1014 -1012 
-969 0 58 301 57 v -111 -1014 184 
185 8707 9983 387 17 -971 176 v -972 
-971 5904 9983 2803 17 85 107 v 185 
-972 9094 9983 906 17 185 -931 v v 
-973 8023 3452 1977 1083 67 118 186 v 
186 8023 4535 1977 464 67 -973 -655 v 
187 544 2044 140 92 -974 13 -818 -975 
-974 0 2044 544 92 v -51 -818 187 
-975 684 2044 1140 92 187 13 -593 59 
188 8229 8331 962 393 -976 -72 -1018 101 
-976 7613 8331 616 256 81 17 -1053 188 
-978 1523 1404 418 186 96 -533 -979 44 
189 1523 1590 237 92 123 -978 92 -979 
-979 1760 1590 181 149 189 -978 -317 44 
-980 1072 1638 451 102 25 -536 -881 60 
190 4269 8938 239 53 -983 -1127 -1133 -984 
-983 2609 8938 1660 27 4 -1127 -1131 190 
-984 4508 8938 618 53 190 94 -1133 135 
191 5988 8724 118 130 -987 -1050 -1135 -988 
-987 5904 8724 84 130 85 -1050 -1135 191 
-988 6106 8724 206 130 191 -1050 -1135 23 
192 1851 4999 3611 50 -989 -832 -883 169 
-989 1599 4999 252 50 167 -832 -883 192 
-991 1599 6468 8401 252 167 -891 -993 v 
193 9687 6720 128 712 -992 -991 -611 -993 
-992 1599 6720 8088 141 167 -991 -994 193 
-993 9815 6720 185 712 193 -991 -611 v 
-994 6856 6861 2831 544 143 -992 -996 193 
-996 8556 7405 1131 27 112 -994 -611 193 
194 4145 1811 27 444 -998 -745 -905 -1101 
-998 3978 1811 167 444 142 -745 -905 194 
-999 4172 1811 431 189 194 -745 106 46 
-1001 4172 2000 229 152 194 -999 -1101 106 
195 8080 538 153 44 48 -692 84 -1153 
196 5637 1143 170 70 -1117 -1115 1 -1007 
-1007 5807 1143 973 70 196 -1115 -544 73 
197 1773 0 872 228 -1008 v 141 -1017 
-1008 657 0 1116 58 26 v -1012 197 
-1009 2645 0 2145 42 197 v 86 119 
-1011 2645 42 119 79 197 -1009 -1017 86 
-1012 430 58 1343 57 184 -111 -1014 197 
-1014 0 115 1773 403 v -969 -538 141 
-1017 2645 121 2145 161 197 -1011 -1059 119 
-1018 6375 8724 3120 63 23 -1050 -1019 37 
198 6375 8787 81 67 23 -1018 -1135 -1020 
-1019 6456 8787 3039 60 198 -1018 56 37 
-1020 6456 8847 2341 7 198 -1019 -1135 56 
199 5009 8810 117 85 -1141 -1139 -1145 135 
-1026 9365 5353 635 77 154 -885 -1028 v 
200 9687 5430 190 923 -1027 -1026 -890 -1036 
-1027 9365 5430 322 1 154 -1026 36 200 
-1028 9877 5430 123 141 200 -1026 35 v 
-1030 9365 5538 322 34 3 18 -1033 200 
-1033 7640 5572 2047 90 87 -488 159 200 
-1034 7640 5699 2047 193 87 -858 -1037 200 
-1036 9877 5858 123 495 200 35 -890 v 
-1037 9365 5892 322 25 9 -1034 -1039 200 
-1039 7640 5917 2047 390 158 -853 -1041 200 
-1041 1599 6307 8088 46 167 -889 -890 200 
201 179 618 297 22 211 -1079 -1082 -1048 
-1046 476 618 1047 1 201 -1079 -629 76 
-1048 476 619 261 21 201 -1046 -1082 111 
202 9889 0 111 58 8 v 78 v 
-1049 4541 8388 2979 131 152 -822 -1051 81 
203 6635 8519 815 205 -1050 -1049 -1018 -1053 
-1050 4541 8519 2094 205 152 -1049 -1018 203 
-1051 7450 8519 70 68 203 -1049 -1053 81 
-1053 7450 8587 779 137 203 -1051 -1018 188 
-1054 3684 6869 207 107 16 -893 204 49 
204 3684 6976 207 31 16 -1054 -769 49 
205 9123 215 142 62 -1056 -1152 -956 -1057 
-1056 8053 215 1070 62 113 -1149 -956 205 
-1057 9265 215 54 62 205 -1152 -956 179 
-1059 2645 282 2915 47 141 -1017 -1061 31 
206 4988 329 298 28 -1060 -1059 -739 -1061 
-1060 2645 329 2343 28 141 -1059 -739 206 
-1061 5286 329 274 28 206 -1059 -739 31 
207 1227 1404 174 117 -1063 -533 -536 62 
-1063 854 1404 373 14 42 -533 -1064 207 
-1064 1072 1418 155 103 25 -1063 -536 207 
208 6303 7405 177 45 -1066 143 -249 -1067 
-1066 5248 7405 1055 45 12 -775 -249 208 
-1067 6480 7405 205 45 208 143 -249 52 
209 3535 8826 61 88 -1068 -1138 -1127 -1142 
-1068 3324 8826 211 88 71 -1138 -1127 209 
210 4500 538 394 44 -1074 -538 24 -1075 
-1074 4371 538 129 44 131 -538 41 210 
-1075 4894 538 2999 44 210 97 30 48 
-1077 0 582 1523 23 v -630 -1079 76 
211 84 605 95 91 -1078 -1077 -607 -1082 
-1078 0 605 84 91 v -1077 -607 211 
-1079 179 605 1344 13 211 -1077 -1046 76 
-1082 179 640 558 56 211 201 -607 111 
212 5144 582 397 164 24 -1075 -1106 -1087 
-1084 5541 582 1881 6 212 -1075 7 30 
-1085 5541 588 96 58 212 -1084 -1086 7 
-1086 5541 646 556 68 212 -1085 -1087 183 
-1087 5541 714 1881 32 212 -1086 -1106 30 
213 5380 1811 57 444 -1088 -745 -905 -1099 
-1088 4666 1811 714 151 46 -745 139 213 
-1089 5437 1811 3032 17 213 -745 -1091 64 
-1091 5437 1828 4563 32 213 -1089 -87 v 
-1093 5437 1860 4053 19 213 -1091 -1095 21 
-1095 5437 1879 4563 55 213 -1093 -284 v 
-1097 5437 1934 4133 14 213 -1095 -344 57 
-1099 5437 1948 985 307 213 -1097 -905 65 
-1101 4172 2152 1208 103 194 -1001 -905 213 
214 2108 7666 2107 260 -1104 -918 -723 137 
-1104 1235 7666 873 4 74 -918 -1105 214 
-1105 0 7670 2108 256 v 74 -723 214 
-1106 5144 746 2278 202 24 212 -1107 30 
215 5144 948 36 265 24 -1106 -802 -1117 
-1107 5180 948 2242 141 215 -1106 73 30 
-1108 4663 979 481 35 41 29 -1110 215 
-1110 4899 1014 245 46 19 -1108 -1112 215 
-1112 4663 1060 481 153 41 19 -802 215 
-1115 5180 1089 1600 54 215 -1107 -1007 73 
-1117 5180 1143 457 70 215 -1115 -802 196 
216 1964 8724 38 363 -1118 -829 -900 -1133 
-1118 386 8724 1578 167 181 -829 -1124 216 
-1119 2002 8724 139 119 216 -829 -1121 122 
-1121 2002 8843 1039 12 216 -1119 -1123 11 
-1123 2002 8855 1160 59 216 -1121 -1127 71 
-1124 0 8891 1964 196 v 181 -900 216 
-1127 2002 8914 2352 24 216 -1123 190 94 
-1129 2002 8938 390 27 216 -1127 -1131 4 
-1131 2002 8965 2267 26 216 -1129 -1133 190 
-1133 2002 8991 3124 96 216 -1131 -900 135 
-1135 5904 8854 2893 41 85 -987 -1136 56 
217 5904 8895 117 96 85 -1135 -452 -1136 
-1136 6021 8895 2776 96 217 -1135 -452 56 
-1137 3162 8724 1964 20 11 -829 -1139 135 
218 4354 8744 178 154 -1138 -1137 94 -1145 
-1138 3162 8744 1192 82 11 -1137 -1142 218 
-1139 4532 8744 594 66 218 -1137 199 135 
-1141 4532 8810 477 85 218 -1139 -1145 199 
-1142 3596 8826 758 88 209 -1138 -1127 94 
-1145 4532 8895 594 3 218 -1141 -709 135 
-1146 7760 0 1941 139 5 v -1148 77 
219 8786 139 200 76 -1147 -1146 -1056 -1152 
-1147 7760 139 1026 20 5 -1146 -1149 219 
-1148 8986 139 715 36 219 -1146 -1152 77 
-1149 8053 159 733 56 113 -1147 -1056 219 
-1152 8986 175 1014 40 219 -1148 -779 v 
220 8922 538 147 44 -1153 -693 -446 -1154 
-1153 8233 538 689 44 195 132 -446 220 
-1154 9069 538 931 44 220 -693 -446 v 
