GMP_LLX 50 GMP_LLY 30 GRID_W 10 GRID_H 10 GMP_WIDTH 300 GMP_HEIGHT 200
src idx 10 9
tar idx 13 21
10 9
11 9
9 9
10 10
10 8
12 9
10 11
11 10
11 8
10 7
8 9
13 9
10 12
9 10
9 8
12 10
12 8
11 11
11 7
14 9
10 6
13 10
13 8
9 11
12 11
15 9
10 13
11 12
11 6
12 7
14 8
14 10
16 9
9 7
7 9
10 5
13 7
17 9
15 10
18 9
15 8
17 10
18 10
18 11
16 10
19 9
18 12
17 11
12 12
17 8
18 8
19 10
19 11
16 8
19 12
18 13
17 12
19 8
10 14
14 7
19 13
17 7
19 7
8 10
14 11
16 11
17 13
19 6
18 14
8 8
19 14
17 6
18 6
19 5
16 7
15 11
11 5
18 5
19 4
9 12
17 5
11 13
18 4
19 3
16 12
17 14
17 4
18 3
19 2
15 7
17 3
16 6
19 15
10 4
18 2
18 15
19 1
16 5
17 2
12 6
13 11
18 1
17 1
16 1
13 6
19 0
15 1
14 1
13 1
16 4
16 13
16 2
16 3
18 0
17 0
16 0
15 0
14 0
12 1
14 2
15 2
13 2
11 1
12 0
12 13
12 2
14 12
15 12
10 1
11 0
15 3
14 6
11 2
17 15
14 3
15 6
9 6
13 3
15 5
8 11
10 15
15 4
9 1
10 0
19 16
11 4
12 3
10 2
18 16
10 3
16 14
9 0
15 13
11 3
9 13
14 4
8 1
8 0
13 4
13 5
9 2
11 14
7 0
12 4
7 1
14 13
12 5
12 14
6 0
9 5
17 16
13 12
14 5
5 0
8 2
19 17
6 1
9 14
9 3
15 14
4 0
10 16
18 17
5 1
9 4
3 0
7 2
4 1
6 2
16 15
2 0
3 1
13 13
11 15
14 14
8 3
8 7
1 0
5 2
8 12
6 9
12 15
4 2
2 1
0 0
1 1
3 2
17 17
7 3
0 1
2 2
9 15
10 17
1 2
8 13
19 18
5 3
0 2
14 15
13 14
4 3
3 3
8 6
2 3
15 15
8 14
16 16
18 18
8 4
1 3
7 10
11 16
12 16
0 3
8 5
7 11
7 8
7 4
3 4
9 16
2 4
0 4
10 18
13 15
4 4
1 4
14 16
17 18
8 15
15 16
19 19
0 5
9 17
12 17
11 17
7 14
7 12
7 13
1 5
3 5
2 5
8 16
18 19
16 17
7 5
4 5
7 15
14 17
10 19
13 16
5 9
15 17
0 6
8 17
19 20
7 6
1 6
17 19
6 4
7 16
7 7
11 18
2 6
9 18
6 11
12 18
6 8
6 14
3 6
6 15
6 10
7 17
4 6
6 16
0 7
6 13
10 20
15 18
8 18
1 7
6 17
18 20
14 18
6 12
16 18
9 19
13 17
7 18
19 21
5 17
2 7
5 16
6 18
5 15
7 19
6 19
4 17
8 19
5 18
11 19
6 20
5 19
5 20
3 7
4 18
6 21
4 19
4 20
4 21
3 17
5 21
7 20
5 14
4 22
5 5
3 18
3 19
3 20
3 21
4 16
4 23
5 22
2 18
2 19
2 20
6 22
3 22
4 24
0 8
5 23
2 17
1 18
1 19
1 20
3 23
4 25
5 24
7 21
12 19
1 21
0 18
0 19
0 20
3 24
4 9
9 20
4 26
6 23
8 20
5 25
1 22
3 25
1 8
4 27
6 24
6 5
17 20
3 16
1 17
5 26
6 6
1 23
3 26
5 27
6 27
4 28
6 25
4 15
0 17
0 22
6 26
1 24
3 27
5 28
6 28
4 7
4 29
7 27
7 22
0 23
7 28
1 25
7 23
6 7
3 28
5 29
6 29
10 21
2 16
0 24
7 29
7 26
1 26
7 24
3 29
7 25
0 25
1 16
8 28
1 27
2 29
8 29
8 27
0 26
1 28
0 16
1 29
3 15
0 27
5 13
0 29
5 11
2 8
0 28
8 21
9 29
8 26
9 28
2 15
8 25
8 22
8 23
1 15
18 21
8 24
19 22
15 19
9 27
10 29
0 15
5 10
14 19
4 14
9 21
3 14
10 28
5 12
5 8
0 9
13 18
9 26
11 29
3 8
11 20
2 14
16 19
9 25
1 14
5 6
0 14
1 9
10 27
9 24
11 28
12 29
9 23
9 22
10 22
2 9
3 13
4 8
13 29
10 26
12 20
4 13
0 13
2 13
19 23
3 9
12 28
0 10
1 13
17 21
11 27
10 25
18 22
14 29
4 11
13 28
4 10
10 24
14 20
0 12
10 23
1 10
15 29
4 12
11 21
15 20
5 7
14 28
11 26
12 27
3 12
2 10
13 19
13 27
0 11
19 24
2 12
1 12
16 29
15 28
11 25
17 29
16 20
14 27
18 23
16 28
12 26
1 11
11 24
18 29
12 21
17 22
15 27
19 25
13 26
11 22
17 28
2 11
11 23
3 11
19 29
16 27
3 10
18 28
14 21
14 26
19 26
17 27
15 21
15 26
19 28
12 25
18 24
18 27
13 20
13 25
16 26
19 27
17 23
16 21
18 25
12 24
17 26
18 26
12 22
14 25
12 23
15 25
16 25
17 24
13 24
17 25
15 22
14 22
16 22
13 21
