GMP_LLX 12 GMP_LLY 0 GRID_W 10 GRID_H 10 GMP_WIDTH 180 GMP_HEIGHT 120
src idx 5 0
tar idx 6 15
5 0
6 0
4 0
5 1
7 0
3 0
6 1
8 0
5 2
4 1
2 0
7 1
9 0
3 1
1 0
8 1
10 0
6 2
2 1
0 0
4 2
5 3
9 1
1 1
11 0
0 1
7 2
10 1
11 1
0 2
11 2
3 2
2 2
1 2
11 3
8 2
10 2
9 2
11 4
11 5
0 3
11 6
10 3
11 7
10 4
10 5
11 8
10 6
9 3
0 4
1 3
5 4
11 9
4 3
6 3
8 3
2 3
10 7
9 4
3 3
9 5
7 3
9 6
10 8
0 5
11 10
9 7
10 9
9 8
11 11
0 6
8 6
1 4
8 4
8 5
9 9
8 7
10 10
11 12
8 8
0 7
2 4
1 5
5 5
7 4
3 4
7 6
6 4
4 4
8 9
1 6
10 11
11 13
0 8
9 10
7 7
7 5
7 8
0 9
1 7
11 14
10 12
2 5
6 6
0 10
2 6
8 10
5 6
7 9
9 11
3 5
0 11
0 12
0 13
1 8
11 15
10 13
4 5
0 14
1 11
1 10
0 15
1 9
1 12
6 7
1 13
0 16
2 7
6 5
1 14
0 17
1 16
1 15
9 12
1 17
11 16
2 17
10 14
2 16
6 8
2 11
3 17
2 10
2 12
2 15
5 7
2 13
2 14
8 11
3 6
7 10
3 16
2 8
2 9
4 6
9 13
4 17
10 15
11 17
6 9
3 15
4 16
3 11
3 7
10 16
3 10
3 14
3 12
3 13
5 17
9 14
8 12
3 9
3 8
4 15
7 11
5 8
10 17
5 16
9 15
4 7
6 10
6 17
4 14
8 13
4 11
9 16
5 9
4 10
4 13
4 12
4 9
9 17
5 15
6 16
4 8
7 12
8 14
7 17
6 11
8 15
5 14
8 16
5 10
8 17
5 13
5 12
7 13
7 16
6 15
