GMP_LLX 50 GMP_LLY 30 GRID_W 10 GRID_H 10 GMP_WIDTH 300 GMP_HEIGHT 200
src idx 9 8
tar idx 15 24
9 8
10 8
8 8
9 7
9 9
11 8
9 6
10 9
10 7
9 10
7 8
8 9
12 8
8 7
9 5
11 7
10 10
11 9
10 6
9 11
13 8
9 4
8 6
8 10
11 6
10 11
10 5
9 3
12 7
12 9
6 8
14 8
11 10
9 12
9 2
8 5
10 4
13 9
11 5
9 1
13 7
8 4
9 0
10 3
7 9
15 8
7 7
10 1
10 2
11 1
12 1
13 1
14 1
15 1
8 3
16 1
8 1
11 0
14 2
12 0
13 2
13 0
14 0
15 2
15 0
12 2
17 1
11 2
8 2
16 2
10 0
12 6
16 0
12 10
18 1
17 2
17 0
19 1
14 9
16 3
10 12
17 3
14 3
15 3
13 3
18 0
19 2
19 3
19 4
19 5
19 6
19 7
19 8
19 9
17 4
19 10
19 11
7 1
12 3
14 7
19 12
18 2
18 3
19 0
18 4
18 5
16 8
18 6
18 7
18 8
18 9
11 3
18 10
18 11
17 5
8 0
17 6
17 7
11 4
17 8
17 9
17 10
17 11
19 13
16 4
13 10
18 12
19 14
18 13
16 6
15 4
16 7
17 12
16 9
11 11
8 11
16 10
16 11
6 1
14 4
7 0
16 5
13 6
13 4
15 9
9 13
18 14
7 2
17 13
7 6
12 4
6 0
15 7
19 15
5 1
5 0
14 10
7 3
16 12
15 5
17 14
15 6
15 10
15 11
18 15
4 0
6 2
7 4
14 6
12 5
16 13
4 1
14 5
3 0
13 5
2 0
7 5
19 16
3 1
5 2
15 12
1 0
17 15
2 1
0 0
4 2
18 16
5 8
14 11
1 1
10 13
3 2
16 14
15 13
11 12
0 1
2 2
1 2
9 14
6 3
5 3
8 12
7 10
0 2
19 17
3 3
17 16
4 3
2 3
14 12
1 3
15 14
6 9
13 11
0 3
18 17
12 11
14 13
6 4
16 15
10 14
3 4
2 4
0 4
11 13
5 4
1 4
9 15
4 4
8 13
17 17
6 6
19 18
6 5
13 12
0 5
13 13
12 12
15 15
6 7
10 15
18 18
16 16
1 5
14 14
3 5
2 5
9 16
8 14
7 11
11 14
4 5
7 12
4 8
5 5
17 18
0 6
14 15
19 19
15 16
12 13
9 17
10 16
8 15
1 6
6 10
7 13
13 14
11 15
2 6
3 6
7 14
5 7
18 19
16 17
14 16
5 9
8 16
9 18
10 17
0 7
5 6
12 14
4 6
7 15
1 7
19 20
11 16
13 15
8 17
17 19
2 7
7 16
12 15
9 19
6 12
14 17
3 7
3 8
6 13
6 14
0 8
6 15
7 17
15 17
6 11
1 8
11 17
6 16
8 18
4 7
18 20
6 17
19 21
16 18
13 16
4 9
9 20
2 8
7 18
5 17
5 10
6 18
5 16
12 16
7 19
6 19
5 15
4 17
5 18
6 20
5 19
8 19
5 20
4 18
6 21
4 19
4 20
4 21
4 22
4 23
4 24
3 17
5 21
7 20
0 9
4 25
5 22
5 23
5 24
3 18
3 19
3 20
3 21
6 22
3 22
3 23
3 24
14 18
4 26
4 16
5 25
5 14
2 18
2 19
2 20
2 21
2 22
2 23
3 25
6 23
4 27
6 24
2 17
5 26
1 18
1 19
1 20
1 21
1 22
1 23
3 26
5 27
6 27
4 28
6 25
11 18
15 18
7 21
6 26
0 18
0 19
0 20
1 24
0 21
17 20
0 22
0 23
3 27
5 28
6 28
4 29
7 27
7 28
10 19
1 25
3 28
5 29
9 21
6 29
1 9
1 17
5 13
7 29
7 26
1 26
7 23
7 24
3 29
7 22
7 25
0 17
0 25
8 28
1 27
2 29
5 12
8 29
8 27
0 26
4 15
1 28
1 29
2 16
3 16
0 27
0 29
1 16
0 28
9 29
8 26
0 16
19 22
9 28
2 9
8 20
8 25
13 17
8 24
4 10
9 27
8 23
8 21
18 21
10 29
8 22
12 17
2 15
1 15
10 28
0 15
3 15
0 10
9 26
3 9
11 29
9 22
4 14
9 25
5 11
16 19
2 14
10 27
11 19
9 24
1 14
11 28
12 29
0 14
9 23
1 10
4 13
14 19
19 23
10 26
13 29
2 10
0 11
10 21
12 28
3 14
0 13
4 12
2 13
11 27
10 25
18 22
17 21
10 20
14 29
1 13
4 11
12 18
13 28
10 24
15 29
3 10
10 23
0 12
1 11
19 24
14 28
15 19
13 18
10 22
11 20
3 13
11 26
12 27
16 29
13 27
15 28
2 12
2 11
1 12
17 29
14 20
11 25
14 27
18 23
16 28
16 20
3 12
19 25
12 26
11 21
18 29
15 27
11 24
12 19
17 22
17 28
13 26
3 11
19 29
16 27
11 23
18 28
19 26
11 22
14 26
17 27
15 26
18 24
19 28
13 19
15 20
12 25
18 27
16 26
19 27
13 25
18 25
14 21
17 23
17 26
16 21
12 24
18 26
12 21
12 20
14 25
15 25
12 23
17 24
16 25
12 22
13 20
17 25
13 24
16 22
15 21
14 22
15 24
