GMP_LLX 50 GMP_LLY 30 GRID_W 10 GRID_H 10 GMP_WIDTH 300 GMP_HEIGHT 200
src idx 11 8
tar idx 13 23
11 8
12 8
10 8
11 7
11 9
13 8
11 6
12 7
12 9
14 8
11 10
9 8
13 9
11 5
13 7
10 9
10 7
15 8
12 6
12 10
14 9
14 7
13 10
11 4
16 8
11 11
13 6
17 8
10 6
15 9
18 8
17 9
18 9
18 10
18 11
16 9
19 8
15 7
18 12
17 10
16 7
17 7
18 7
19 9
19 10
19 11
14 10
17 11
19 12
11 3
18 13
19 7
19 13
17 6
19 6
16 10
12 5
17 12
19 5
18 14
16 11
14 6
19 14
17 5
13 11
15 10
18 5
19 4
16 6
12 11
18 4
19 3
17 13
17 4
18 3
19 2
16 12
13 5
17 3
11 2
10 5
10 10
18 2
19 1
17 2
16 5
19 15
15 6
18 1
17 1
16 1
19 0
15 1
18 15
14 1
13 1
16 4
12 4
16 2
16 3
18 0
11 1
17 0
16 0
15 0
14 0
12 1
15 11
14 2
15 2
11 0
16 13
13 2
17 14
12 0
10 4
12 2
14 11
10 1
11 12
12 3
10 0
15 3
8 8
14 3
13 3
10 2
15 12
10 3
9 1
15 5
15 4
9 0
13 12
13 4
14 5
19 16
8 0
18 16
8 1
15 13
14 4
16 14
7 0
9 2
12 12
9 7
6 0
14 12
7 1
17 15
9 9
5 0
9 6
9 3
6 1
8 2
4 0
13 13
5 1
10 11
9 4
7 2
19 17
3 0
4 1
9 5
11 13
6 2
15 14
2 0
18 17
14 13
3 1
1 0
5 2
4 2
8 3
12 13
2 1
0 0
16 15
1 1
3 2
7 3
13 14
0 1
2 2
17 16
6 3
1 2
5 3
0 2
4 3
14 14
3 3
2 3
19 18
8 4
12 14
11 14
1 3
0 3
10 12
18 18
15 15
13 15
7 4
16 16
3 4
9 10
2 4
0 4
7 8
4 4
1 4
6 4
5 4
8 5
8 6
12 15
11 15
17 17
14 15
10 13
8 9
15 16
13 16
0 5
19 19
8 7
1 5
16 17
9 11
3 5
2 5
7 5
12 16
4 5
18 19
10 14
11 16
14 16
0 6
9 12
6 5
5 5
15 17
13 17
1 6
19 20
10 15
2 6
9 13
3 6
16 18
17 18
12 17
8 10
14 17
11 17
7 6
9 14
4 6
0 7
6 8
1 7
15 18
8 11
18 20
9 15
2 7
10 16
13 18
19 21
6 6
5 6
8 12
3 7
8 13
12 18
7 9
7 7
11 18
8 14
0 8
16 19
1 8
14 18
4 7
8 15
17 19
10 17
9 16
2 8
7 10
19 22
18 21
15 19
7 14
0 9
11 19
3 8
7 15
5 7
7 13
13 19
8 16
6 7
7 11
1 9
12 19
5 8
9 17
7 12
16 20
2 9
10 18
4 8
8 17
14 19
6 9
19 23
6 15
0 10
7 16
6 14
18 22
17 20
8 18
9 18
7 17
11 20
3 9
1 10
6 13
10 19
5 15
7 18
8 19
6 16
6 10
2 10
0 11
15 20
13 20
7 19
19 24
12 20
6 17
6 12
9 19
6 11
6 18
4 9
8 20
7 20
5 14
5 18
5 17
6 19
14 20
4 18
4 15
5 19
4 19
4 20
4 21
3 18
4 22
4 23
7 21
6 20
5 20
3 19
3 20
3 21
2 18
3 22
4 24
5 21
5 22
5 23
4 17
5 16
2 19
2 20
2 21
1 18
2 22
4 25
18 23
16 21
6 21
5 24
3 17
1 19
3 24
1 20
1 21
0 18
1 22
6 22
4 26
6 23
5 25
2 17
0 12
0 19
3 25
0 20
0 21
0 22
7 22
17 21
4 27
6 24
8 21
5 26
1 11
1 17
3 26
5 27
6 27
4 28
6 25
6 26
0 17
4 16
3 27
5 28
6 28
4 29
7 27
10 20
7 28
7 23
3 16
3 28
5 29
6 29
2 16
7 29
7 26
7 24
3 29
19 25
7 25
9 20
8 28
1 16
2 29
8 29
8 27
3 15
1 29
0 16
3 10
1 28
1 27
1 26
0 29
1 25
1 24
5 13
0 28
0 27
9 29
0 26
0 25
0 24
2 11
8 26
9 28
5 9
11 21
8 22
8 25
2 15
0 13
8 23
1 15
8 24
9 27
4 14
10 29
0 15
10 28
4 10
9 26
11 29
19 26
1 12
13 21
2 14
3 14
9 21
0 14
9 25
1 14
5 12
15 21
10 27
18 24
5 10
9 24
11 28
12 29
17 22
9 23
10 21
12 21
5 11
2 12
9 22
10 26
13 29
1 13
3 11
19 27
4 13
14 21
2 13
12 28
3 13
18 25
11 27
10 25
16 22
11 22
14 29
13 28
10 24
19 28
4 11
10 23
15 29
18 26
10 22
17 23
14 28
19 29
11 26
12 27
13 27
4 12
16 29
18 27
3 12
13 22
17 24
15 28
18 28
11 25
18 29
17 29
12 22
14 27
15 22
17 25
16 28
12 26
11 23
11 24
17 28
15 27
16 23
13 26
17 26
17 27
16 27
14 22
14 26
15 26
12 25
13 23
