GMP_LLX 12 GMP_LLY 0 GRID_W 10 GRID_H 10 GMP_WIDTH 180 GMP_HEIGHT 120
src idx 7 3
tar idx 5 12
7 3
8 3
6 3
7 4
7 2
9 3
8 4
7 5
8 2
10 3
9 4
11 3
9 2
8 5
7 1
10 4
11 4
5 3
10 2
11 5
11 2
7 6
11 6
9 5
10 5
11 1
11 7
8 1
10 1
11 0
11 8
8 6
6 4
10 6
9 1
9 6
11 9
10 7
6 2
10 0
7 0
10 8
7 7
11 10
8 7
9 7
8 0
9 0
6 5
10 9
9 8
11 11
6 6
8 8
9 9
10 10
11 12
6 1
4 3
8 9
7 8
6 0
10 11
9 10
5 4
11 13
5 2
5 6
8 10
5 5
6 7
10 12
11 14
7 9
9 11
5 1
8 11
5 0
10 13
3 3
11 15
9 12
6 8
4 6
5 7
7 10
10 14
11 16
4 4
4 2
4 5
9 13
8 12
10 15
11 17
4 1
2 3
6 9
7 11
10 16
9 14
5 8
4 0
3 2
3 6
6 10
3 4
4 7
10 17
9 15
8 13
3 5
9 16
1 3
5 9
6 11
3 1
7 12
9 17
8 14
3 0
2 2
2 6
2 4
5 10
0 3
3 7
8 15
2 5
8 16
2 1
1 2
1 4
8 17
2 0
1 6
4 9
0 4
5 11
0 2
1 1
6 12
0 5
7 13
2 7
1 0
1 5
4 10
0 6
7 14
0 0
7 17
7 16
1 7
0 1
3 8
7 15
3 9
2 8
1 8
6 17
3 10
5 12
