GMP_LLX 50 GMP_LLY 30 GRID_W 10 GRID_H 10 GMP_WIDTH 300 GMP_HEIGHT 200
src idx 10 10
tar idx 15 21
10 10
11 10
9 10
10 11
10 9
12 10
10 12
11 11
10 8
11 9
8 10
13 10
9 11
10 13
11 12
9 9
12 9
14 10
11 8
10 7
10 14
13 9
12 11
9 12
11 13
15 10
12 8
16 10
14 11
14 9
7 10
10 15
13 8
17 10
12 12
15 11
15 9
18 10
13 11
9 8
17 11
18 11
19 10
16 11
9 13
18 12
17 9
11 7
17 12
18 9
19 11
16 9
19 12
11 14
18 13
19 9
19 13
17 8
17 13
19 8
19 7
18 14
16 12
14 12
14 8
19 14
17 7
18 7
19 6
16 8
10 6
18 6
8 9
19 5
17 6
17 14
8 11
15 8
18 5
15 12
19 4
17 5
18 4
19 3
16 13
17 4
19 15
16 7
18 3
18 15
9 14
19 2
16 6
17 3
18 2
19 1
16 5
10 16
17 2
18 1
17 1
16 1
19 0
15 1
16 4
13 7
16 2
16 3
18 0
17 0
16 0
14 1
12 7
15 2
13 1
12 13
14 2
17 15
14 0
11 15
12 1
16 14
14 7
13 2
13 0
14 13
15 7
11 1
15 3
15 6
13 12
15 13
12 0
12 2
19 16
15 5
10 1
14 3
11 0
15 4
11 2
18 16
13 3
11 6
9 1
10 0
12 3
10 2
9 0
14 4
11 3
9 15
10 17
8 1
8 0
13 4
10 5
17 16
8 13
12 14
16 15
9 2
10 3
15 14
13 6
9 7
14 14
7 0
12 4
14 6
8 12
7 1
13 13
19 17
6 0
14 5
8 14
11 16
5 0
11 4
8 2
18 17
12 6
6 1
9 3
13 5
4 0
11 5
5 1
10 4
3 0
6 10
7 2
8 8
14 15
4 1
9 16
6 2
12 15
12 5
2 0
15 15
3 1
10 18
8 3
13 14
17 17
1 0
5 2
8 15
16 16
4 2
2 1
0 0
9 4
1 1
3 2
7 11
7 3
0 1
2 2
9 6
19 18
6 3
1 2
11 17
9 17
5 3
7 14
0 2
18 18
4 3
14 16
3 3
7 13
7 9
2 3
15 16
13 15
8 4
8 16
1 3
0 3
9 5
7 15
16 17
7 4
12 16
10 19
17 18
3 4
7 12
2 4
0 4
8 7
4 4
1 4
6 4
5 4
8 17
19 19
7 16
11 18
14 17
15 17
9 18
0 5
6 14
8 5
6 15
18 19
1 5
7 17
3 5
2 5
5 10
13 16
6 16
8 6
16 18
7 5
6 13
12 17
4 5
10 20
8 18
6 17
9 19
19 20
0 6
7 18
17 19
6 5
5 5
5 17
5 16
6 18
5 15
7 8
1 6
7 19
6 19
11 19
15 18
4 17
8 19
6 11
5 18
6 20
6 9
5 19
2 6
5 20
14 18
4 18
6 21
4 19
4 20
4 21
3 17
5 21
7 20
6 12
5 14
4 22
3 6
3 18
3 19
3 20
3 21
4 16
4 23
5 22
2 18
2 19
2 20
6 22
3 22
4 24
5 23
2 17
1 18
1 19
1 20
3 23
4 25
5 24
7 21
1 21
0 18
0 19
0 20
3 24
9 20
4 26
6 23
8 20
5 25
1 22
3 25
4 27
6 24
3 16
1 17
5 26
1 23
3 26
5 27
4 6
6 27
4 28
6 25
4 15
0 7
0 17
0 22
6 26
1 24
3 27
5 28
6 28
4 29
7 27
7 22
0 23
7 28
18 20
7 7
1 25
7 23
3 28
5 29
6 29
10 21
2 16
0 24
7 29
7 26
1 26
13 17
7 24
3 29
16 19
7 25
0 25
1 7
1 16
8 28
1 27
2 29
8 29
8 27
0 26
1 28
0 16
1 29
3 15
19 21
0 27
5 13
0 29
7 6
0 28
8 21
12 18
9 29
8 26
9 28
2 7
2 15
8 25
8 22
8 23
1 15
8 24
9 27
10 29
0 15
6 6
5 6
4 14
9 21
4 10
3 14
10 28
3 7
9 26
11 20
11 29
17 20
0 8
2 14
9 25
15 19
1 14
0 14
1 8
10 27
6 8
14 19
9 24
11 28
4 7
12 29
9 23
9 22
5 12
10 22
5 11
2 8
3 13
5 9
18 21
19 22
10 26
13 29
4 13
0 13
2 13
16 20
12 28
1 13
11 27
10 25
12 19
14 29
0 9
13 18
3 8
6 7
13 28
5 7
10 24
15 29
1 9
0 12
10 23
11 21
14 28
3 10
2 9
11 26
12 27
3 12
16 29
13 27
4 8
19 23
2 12
1 12
14 20
17 21
15 28
18 22
15 20
0 10
4 12
17 29
4 9
11 25
0 11
4 11
14 27
16 28
5 8
12 26
18 29
15 27
11 24
3 9
1 10
17 28
13 26
11 22
16 21
19 24
1 11
19 29
16 27
2 11
11 23
2 10
12 20
3 11
13 19
18 28
14 26
17 27
18 23
15 26
19 28
17 22
12 21
12 25
19 25
18 27
14 21
16 26
15 21
