GMP_LLX 12 GMP_LLY 0 GRID_W 10 GRID_H 10 GMP_WIDTH 180 GMP_HEIGHT 120
src idx 3 6
tar idx 9 11
3 6
2 6
4 6
3 7
3 5
1 6
5 6
2 7
2 5
3 8
0 6
1 7
3 4
1 5
4 5
4 7
3 9
2 8
0 5
6 6
1 8
2 4
1 4
0 4
3 10
0 7
2 9
5 7
4 8
3 3
1 9
5 5
4 4
0 3
0 8
7 6
1 10
4 9
3 11
2 10
1 3
2 3
0 2
1 11
8 6
0 9
3 2
1 12
0 10
2 11
5 8
0 11
4 10
3 12
9 6
1 2
1 13
7 7
0 12
6 7
5 4
7 5
2 2
6 5
4 3
5 9
0 1
0 13
8 7
2 12
1 14
0 14
10 6
0 0
1 1
4 11
0 15
9 7
3 13
2 13
1 15
3 1
8 8
9 5
11 6
0 16
1 0
0 17
1 16
2 1
1 17
10 7
2 14
9 8
2 17
7 8
11 7
10 5
2 16
11 5
5 10
8 5
2 15
3 17
6 8
10 8
8 9
7 4
11 4
9 9
2 0
9 4
3 14
3 16
4 12
10 4
10 9
5 3
11 3
4 17
6 9
4 2
3 15
11 2
3 0
9 10
4 16
8 10
10 3
10 10
11 1
9 3
8 4
10 2
4 13
5 17
11 0
11 9
7 9
6 4
10 1
4 15
10 0
7 3
10 11
5 11
9 11
