GMP_LLX 12 GMP_LLY 0 GRID_W 10 GRID_H 10 GMP_WIDTH 180 GMP_HEIGHT 120
src idx 3 5
tar idx 9 17
3 5
2 5
4 5
3 6
3 4
1 5
2 6
3 7
5 5
2 4
0 5
3 3
4 6
1 6
4 4
1 4
2 7
0 6
3 8
1 7
0 4
2 3
3 2
6 5
0 3
4 7
1 3
2 8
3 9
1 8
5 6
0 2
0 7
4 3
2 2
5 4
3 10
1 9
2 9
1 2
0 8
3 1
4 8
7 5
1 10
2 1
0 1
5 7
1 1
1 11
2 10
4 9
3 11
0 0
1 12
0 9
1 0
0 10
3 0
4 2
0 11
1 13
6 6
2 0
2 11
8 5
5 3
0 12
0 13
1 14
4 10
3 12
5 8
0 14
0 15
2 12
1 15
0 16
0 17
1 17
7 6
6 4
1 16
2 17
2 13
5 9
9 5
2 16
3 17
4 1
7 4
2 14
3 13
2 15
4 11
3 16
4 17
10 5
8 4
7 7
3 15
4 0
6 7
4 16
9 6
3 14
5 2
5 10
11 5
9 4
5 17
6 8
8 6
10 6
4 12
11 6
10 4
9 7
11 4
11 7
7 3
6 9
6 3
10 7
11 8
11 3
4 15
5 16
8 7
9 3
9 8
11 9
7 8
11 2
4 13
5 1
6 17
10 3
11 1
10 8
11 10
10 2
8 8
11 0
4 14
8 3
10 9
10 1
9 2
11 11
5 11
6 10
10 0
5 15
5 12
8 9
9 9
6 16
7 17
10 10
9 1
5 0
7 9
11 12
7 2
9 0
9 10
6 2
8 2
5 13
8 10
10 11
11 13
6 1
5 14
8 0
8 17
8 1
6 11
9 11
7 10
7 16
11 14
10 12
6 15
6 0
8 11
7 1
6 12
11 15
10 13
7 0
9 12
9 17
