GMP_LLX 12 GMP_LLY 0 GRID_W 10 GRID_H 10 GMP_WIDTH 180 GMP_HEIGHT 120
src idx 6 4
tar idx 4 11
6 4
7 4
5 4
6 5
6 3
8 4
6 6
4 4
7 5
7 3
9 4
5 5
6 2
5 3
6 7
8 5
7 6
8 3
10 4
5 6
9 5
8 6
11 4
9 3
7 2
10 5
7 7
11 5
3 4
10 3
11 6
11 3
9 6
6 8
11 7
8 2
8 7
10 6
11 2
11 8
10 2
5 2
4 5
11 1
6 1
9 2
9 7
10 7
11 9
11 0
8 8
4 3
10 1
10 8
11 10
9 8
4 6
7 8
10 0
5 7
10 9
9 1
8 1
6 9
9 9
8 9
11 11
7 1
9 0
10 10
2 4
9 10
6 0
11 12
8 10
5 1
8 0
3 5
10 11
3 3
7 9
7 0
5 8
6 10
4 2
11 13
9 11
3 6
4 7
8 11
1 4
10 12
11 14
5 9
2 5
5 0
3 2
6 11
7 10
9 12
2 3
10 13
4 8
0 4
4 1
11 15
2 6
8 12
1 5
3 7
5 10
10 14
11 16
1 3
7 11
9 13
3 1
4 9
0 5
2 2
6 12
0 3
1 6
10 15
11 17
3 8
0 6
0 2
4 0
1 2
2 1
5 11
10 16
1 7
0 7
2 7
8 13
9 14
0 1
3 0
7 12
3 9
4 10
0 0
1 1
0 8
2 0
10 17
9 15
6 13
1 0
2 8
1 8
0 9
9 16
0 10
4 11
