1226568
116061
1226568
1176 1043
285.001
bk1 602 385 735 721
bk10a 49 336 168 714
bk10b 168 133 308 294
bk10c 0 0 49 119
bk11 553 266 728 385
bk12 1036 455 1176 861
bk13 539 721 1036 861
bk14a 182 840 301 1036
bk14b 483 427 602 721
bk14c 434 266 553 427
bk15a 910 0 1029 266
bk15b 49 0 168 336
bk16 49 714 168 840
bk17a 854 350 1036 721
bk17b 0 840 182 1043
bk18 301 511 483 714
bk19 420 721 539 805
bk2 434 133 728 266
bk20 728 0 910 350
bk21 1036 140 1176 455
bk3 511 861 826 994
bk4 168 0 728 133
bk5a 1029 0 1162 140
bk5b 945 861 1078 1036
bk5c 168 294 301 525
bk6 168 525 301 840
bk7 1078 861 1176 1043
bk8a 301 833 511 1043
bk8b 308 133 434 511
bk9a 826 861 945 1043
bk9b 301 714 420 833
bk9c 735 350 854 707
bk9d 910 266 1029 350
